0.0000 0.0000 0.0000 0.0000 0.0000 0.0549 0.0116 0.0032 0.0360 0.0121 0.0005 0.0003 0.0002 0.0001 0.0000 0.0000 0.0000 0.0000 0.0000 0.0000 0.0000 0.0000 0.0000 0.0000 0.0000 0.0001 0.0004 0.0010 0.0004 0.0012 0.0014 0.0018 0.0055 0.0025 0.0037 0.0036 0.0027 0.0043 0.0013 0.0003 0.0000 0.0003 0.0000 0.0000 0.0000 0.0002 0.0001 0.0000 0.0000 0.0000 0.0001 0.0001 0.0001 0.0000 0.0016 0.0063 0.0001 0.0008 0.0020 0.0001 0.0004 0.0008 0.0021 0.0014 0.0007 0.0011 0.0006 0.0003 0.0005 0.0001 0.0001 0.0000 0.0001 0.0001 0.0002 0.0007 0.0125 0.0024 0.0003 0.0016
0.0000 0.0000 0.0000 0.0000 0.0000 0.0000 0.0015 0.0000 0.0009 0.0009 0.0004 0.0001 0.0000 0.0000 0.0000 0.0000 0.0000 0.0000 0.0000 0.0000 0.0000 0.0000 0.0000 0.0000 0.0000 0.0000 0.0000 0.0017 0.0003 0.0008 0.0004 0.0009 0.0028 0.0085 0.0059 0.0026 0.0017 0.0049 0.0003 0.0003 0.0000 0.0002 0.0000 0.0000 0.0000 0.0000 0.0000 0.0000 0.0000 0.0000 0.0000 0.0000 0.0000 0.0000 0.0000 0.0001 0.0001 0.0002 0.0014 0.0004 0.0002 0.0003 0.0010 0.0017 0.0002 0.0006 0.0000 0.0002 0.0000 0.0001 0.0000 0.0000 0.0000 0.0001 0.0000 0.0004 0.0029 0.0012 0.0002 0.0004
0.0000 0.0000 0.0000 0.0000 0.0000 0.0000 0.0000 0.0015 0.0003 0.0000 0.0001 0.0000 0.0000 0.0000 0.0000 0.0000 0.0000 0.0000 0.0000 0.0000 0.0000 0.0000 0.0000 0.0000 0.0000 0.0000 0.0000 0.0007 0.0001 0.0009 0.0011 0.0131 0.0056 0.0082 0.0049 0.0028 0.0038 0.0172 0.0002 0.0002 0.0000 0.0000 0.0000 0.0000 0.0006 0.0000 0.0000 0.0000 0.0001 0.0000 0.0000 0.0002 0.0000 0.0000 0.0002 0.0008 0.0000 0.0007 0.0067 0.0005 0.0003 0.0006 0.0008 0.0008 0.0000 0.0003 0.0001 0.0002 0.0000 0.0000 0.0000 0.0000 0.0000 0.0000 0.0000 0.0001 0.0026 0.0007 0.0003 0.0003
0.0000 0.0000 0.0000 0.0000 0.0000 0.0000 0.0000 0.0000 0.0006 0.0001 0.0002 0.0000 0.0000 0.0000 0.0000 0.0000 0.0000 0.0000 0.0000 0.0000 0.0000 0.0000 0.0000 0.0005 0.0003 0.0026 0.0003 0.0068 0.0020 0.0078 0.0044 0.0109 0.0090 0.0487 0.0515 0.0107 0.0602 0.0217 0.0003 0.0246 0.0000 0.0000 0.0000 0.0003 0.0040 0.0001 0.0000 0.0020 0.0026 0.0000 0.0002 0.0229 0.0024 0.0000 0.0057 0.0653 0.0002 0.0005 0.1405 0.0119 0.0053 0.0019 0.0076 0.0064 0.0008 0.0058 0.0007 0.0039 0.0003 0.0004 0.0001 0.0001 0.0001 0.0004 0.0032 0.0012 0.0872 0.0071 0.0022 0.0008
0.0000 0.0000 0.0000 0.0000 0.0000 0.0000 0.0000 0.0000 0.0000 0.0000 0.0000 0.0000 0.0000 0.0000 0.0000 0.0000 0.0000 0.0000 0.0000 0.0000 0.0000 0.0000 0.0000 0.0000 0.0000 0.0018 0.0000 0.0044 0.0007 0.0018 0.0019 0.0004 0.0021 0.0048 0.0227 0.0022 0.0040 0.0006 0.0003 0.0029 0.0000 0.0000 0.0001 0.0005 0.0006 0.0004 0.0000 0.0001 0.0003 0.0000 0.0001 0.0006 0.0002 0.0000 0.0000 0.0032 0.0001 0.0000 0.0032 0.0016 0.0039 0.0002 0.0001 0.0051 0.0002 0.0018 0.0001 0.0019 0.0001 0.0007 0.0007 0.0003 0.0019 0.0036 0.0028 0.0038 0.1898 0.0047 0.0048 0.0032
0.0549 0.0000 0.0000 0.0000 0.0000 0.0000 0.0000 0.0000 0.0000 0.0000 0.0000 0.0000 0.0000 0.0000 0.0000 0.0000 0.0000 0.0000 0.0000 0.0000 0.0000 0.0000 0.0000 0.0000 0.0000 0.0000 0.0000 0.0011 0.0001 0.0001 0.0001 0.0001 0.0007 0.0003 0.0074 0.0012 0.0012 0.0049 0.0004 0.0009 0.0000 0.0000 0.0001 0.0000 0.0006 0.0020 0.0001 0.0000 0.0000 0.0000 0.0000 0.0000 0.0001 0.0000 0.0003 0.0004 0.0000 0.0001 0.0000 0.0001 0.0000 0.0000 0.0001 0.0004 0.0000 0.0000 0.0000 0.0000 0.0000 0.0000 0.0001 0.0000 0.0000 0.0003 0.0004 0.0005 0.0079 0.0070 0.0013 0.0010
0.0116 0.0015 0.0000 0.0000 0.0000 0.0000 0.0000 0.0000 0.0000 0.0000 0.0000 0.0000 0.0000 0.0000 0.0000 0.0000 0.0000 0.0000 0.0000 0.0000 0.0000 0.0000 0.0000 0.0000 0.0002 0.0005 0.0001 0.0018 0.0020 0.0023 0.0054 0.0040 0.0083 0.0115 0.0177 0.0031 0.0052 0.0304 0.0011 0.0070 0.0000 0.0000 0.0000 0.0000 0.0002 0.0002 0.0000 0.0018 0.0003 0.0002 0.0002 0.0402 0.0006 0.0000 0.0142 0.0397 0.0000 0.0001 0.0101 0.0010 0.0001 0.0002 0.0009 0.0012 0.0008 0.0329 0.0082 0.0013 0.0049 0.0004 0.0000 0.0003 0.0004 0.0022 0.0037 0.0012 0.0496 0.0089 0.0133 0.0014
0.0032 0.0000 0.0015 0.0000 0.0000 0.0000 0.0000 0.0000 0.0000 0.0000 0.0000 0.0000 0.0000 0.0000 0.0000 0.0000 0.0000 0.0000 0.0000 0.0000 0.0000 0.0015 0.0008 0.0140 0.0052 0.0387 0.0005 0.0008 0.0004 0.0009 0.0025 0.0021 0.0026 0.0047 0.0126 0.0008 0.0053 0.0001 0.0003 0.0127 0.0000 0.0000 0.0001 0.0003 0.0267 0.0001 0.0001 0.0639 0.0502 0.0001 0.0122 0.5783 0.0301 0.0000 0.0053 0.1708 0.0000 0.0000 0.0020 0.0001 0.0001 0.0000 0.0001 0.0118 0.0029 0.2665 0.0208 0.0359 0.0477 0.0209 0.0007 0.0003 0.0002 0.0016 0.0080 0.0015 0.0772 0.0047 0.0014 0.0025
0.0360 0.0009 0.0003 0.0006 0.0000 0.0000 0.0000 0.0000 0.0000 0.0000 0.0000 0.0000 0.0000 0.0000 0.0000 0.0000 0.0000 0.0000 0.0000 0.0000 0.0000 0.0000 0.0003 0.0001 0.0001 0.0008 0.0000 0.0010 0.0000 0.0001 0.0001 0.0001 0.0004 0.0038 0.0033 0.0010 0.0009 0.0001 0.0001 0.0024 0.0000 0.0000 0.0000 0.0012 0.0135 0.0003 0.0001 0.0066 0.0164 0.0003 0.0001 0.0166 0.0007 0.0000 0.0000 0.0008 0.0000 0.0000 0.0001 0.0000 0.0000 0.0000 0.0001 0.0008 0.0000 0.0125 0.0004 0.0098 0.0102 0.0131 0.0014 0.0002 0.0003 0.0007 0.0069 0.0016 0.0479 0.0040 0.0013 0.0019
0.0121 0.0009 0.0000 0.0001 0.0000 0.0000 0.0000 0.0000 0.0000 0.0000 0.0000 0.0000 0.0000 0.0000 0.0000 0.0000 0.0000 0.0000 0.0000 0.0000 0.0000 0.0000 0.0000 0.0000 0.0000 0.0000 0.0000 0.0000 0.0000 0.0000 0.0000 0.0000 0.0000 0.0033 0.0053 0.0021 0.0004 0.0001 0.0001 0.0001 0.0000 0.0000 0.0000 0.0000 0.0006 0.0000 0.0009 0.0004 0.0018 0.0000 0.0003 0.0002 0.0000 0.0000 0.0020 0.0000 0.0000 0.0000 0.0001 0.0000 0.0000 0.0000 0.0000 0.0001 0.0000 0.0003 0.0003 0.0009 0.0025 0.0003 0.0004 0.0001 0.0003 0.0002 0.0010 0.0003 0.0026 0.0007 0.0036 0.0012
0.0005 0.0004 0.0001 0.0002 0.0000 0.0000 0.0000 0.0000 0.0000 0.0000 0.0000 0.0000 0.0000 0.0000 0.0000 0.0003 0.0027 0.0003 0.0005 0.0011 0.0007 0.0361 0.0024 0.0148 0.0022 0.0098 0.0002 0.0003 0.0001 0.0000 0.0000 0.0000 0.0001 0.0007 0.0009 0.0026 0.0016 0.0001 0.0001 0.0016 0.0000 0.0000 0.0000 0.0004 0.0293 0.0003 0.0008 0.3123 0.0679 0.0002 0.0438 0.6588 0.0012 0.0000 0.0190 0.0214 0.0000 0.0000 0.0007 0.0000 0.0002 0.0000 0.0002 0.0006 0.0001 0.0028 0.0005 0.0248 0.0045 0.0034 0.0001 0.0002 0.0025 0.0005 0.0019 0.0004 0.0077 0.0013 0.0010 0.0034
0.0003 0.0001 0.0000 0.0000 0.0000 0.0000 0.0000 0.0000 0.0000 0.0000 0.0000 0.0000 0.0000 0.0000 0.0000 0.0000 0.0981 0.0014 0.0032 0.0045 0.0039 0.1588 0.0229 0.0100 0.0003 0.0202 0.0000 0.0002 0.0000 0.0000 0.0000 0.0000 0.0002 0.0065 0.0021 0.0069 0.0378 0.0035 0.0040 0.0061 0.0000 0.0001 0.0000 0.0019 0.1638 0.0015 0.0001 0.1524 0.3138 0.0014 0.0047 0.4162 0.0371 0.0000 0.0002 0.0039 0.0000 0.0000 0.0000 0.0000 0.0000 0.0000 0.0000 0.0000 0.0001 0.0053 0.0005 0.0103 0.0017 0.0275 0.0028 0.0036 0.0205 0.0111 0.0103 0.0011 0.0193 0.0007 0.0003 0.0019
0.0002 0.0000 0.0000 0.0000 0.0000 0.0000 0.0000 0.0000 0.0000 0.0000 0.0000 0.0000 0.0000 0.0000 0.0000 0.0000 0.0000 0.0283 0.0009 0.0003 0.0000 0.0004 0.0001 0.0000 0.0000 0.0000 0.0000 0.0000 0.0000 0.0000 0.0000 0.0000 0.0000 0.0000 0.0000 0.0014 0.0015 0.0015 0.0002 0.0003 0.0000 0.0001 0.0000 0.0001 0.0046 0.0000 0.0000 0.0004 0.0034 0.0001 0.0002 0.0002 0.0000 0.0000 0.0000 0.0000 0.0000 0.0000 0.0000 0.0000 0.0000 0.0000 0.0000 0.0000 0.0000 0.0000 0.0000 0.0007 0.0002 0.0033 0.0026 0.0007 0.0079 0.0065 0.0040 0.0010 0.0048 0.0005 0.0001 0.0011
0.0001 0.0000 0.0000 0.0000 0.0000 0.0000 0.0000 0.0000 0.0000 0.0000 0.0000 0.0000 0.0000 0.0000 0.0000 0.0000 0.0000 0.0000 0.0261 0.0010 0.0001 0.0001 0.0000 0.0000 0.0000 0.0000 0.0000 0.0000 0.0000 0.0000 0.0000 0.0000 0.0000 0.0000 0.0000 0.0006 0.0000 0.0003 0.0002 0.0000 0.0000 0.0001 0.0000 0.0037 0.0004 0.0000 0.0001 0.0028 0.0000 0.0000 0.0031 0.0005 0.0000 0.0000 0.0003 0.0000 0.0000 0.0000 0.0000 0.0000 0.0000 0.0000 0.0000 0.0000 0.0000 0.0000 0.0000 0.0004 0.0001 0.0008 0.0004 0.0001 0.0002 0.0005 0.0002 0.0003 0.0006 0.0002 0.0002 0.0006
0.0000 0.0000 0.0000 0.0000 0.0000 0.0000 0.0000 0.0000 0.0000 0.0000 0.0000 0.0000 0.0000 0.0000 0.0000 0.0000 0.0000 0.0000 0.0000 0.1940 0.0041 0.1932 0.0188 0.0540 0.0006 0.0008 0.0000 0.0000 0.0000 0.0000 0.0000 0.0000 0.0000 0.0000 0.0006 0.0018 0.0036 0.0122 0.0007 0.0615 0.0000 0.0007 0.0000 0.0198 0.6462 0.0097 0.0006 0.3696 0.1739 0.0002 0.0145 0.0142 0.0000 0.0000 0.0000 0.0000 0.0000 0.0000 0.0000 0.0000 0.0000 0.0000 0.0000 0.0000 0.0000 0.0001 0.0002 0.0395 0.0008 0.0312 0.0034 0.0017 0.0301 0.0069 0.0043 0.0005 0.0015 0.0002 0.0001 0.0002
0.0000 0.0000 0.0000 0.0000 0.0000 0.0000 0.0000 0.0000 0.0000 0.0000 0.0003 0.0000 0.0000 0.0000 0.0000 0.0000 0.0000 0.0000 0.0000 0.0000 0.0346 0.0179 0.0004 0.0007 0.0000 0.0001 0.0000 0.0000 0.0000 0.0000 0.0000 0.0000 0.0000 0.0000 0.0001 0.0005 0.0023 0.0298 0.0226 0.0516 0.0011 0.0068 0.0000 0.0026 0.3903 0.0291 0.0002 0.0043 0.2053 0.0009 0.0001 0.0001 0.0000 0.0000 0.0000 0.0000 0.0000 0.0000 0.0000 0.0000 0.0000 0.0000 0.0000 0.0000 0.0000 0.0000 0.0000 0.0011 0.0006 0.0321 0.0026 0.0024 0.0559 0.1506 0.0603 0.0027 0.0018 0.0001 0.0001 0.0002
0.0000 0.0000 0.0000 0.0000 0.0000 0.0000 0.0000 0.0000 0.0000 0.0000 0.0027 0.0981 0.0000 0.0000 0.0000 0.0000 0.0000 0.0000 0.0000 0.0000 0.0000 0.0216 0.0012 0.0000 0.0000 0.0000 0.0000 0.0000 0.0000 0.0000 0.0000 0.0000 0.0000 0.0000 0.0000 0.0000 0.0002 0.0013 0.0030 0.0053 0.0002 0.0516 0.0001 0.0017 0.0124 0.0012 0.0007 0.0011 0.0010 0.0000 0.0000 0.0000 0.0000 0.0000 0.0000 0.0000 0.0000 0.0000 0.0000 0.0000 0.0000 0.0000 0.0000 0.0000 0.0000 0.0000 0.0000 0.0001 0.0001 0.0012 0.0015 0.0029 0.0020 0.0359 0.0028 0.0005 0.0004 0.0003 0.0001 0.0002
0.0000 0.0000 0.0000 0.0000 0.0000 0.0000 0.0000 0.0000 0.0000 0.0000 0.0003 0.0014 0.0283 0.0000 0.0000 0.0000 0.0000 0.0000 0.0000 0.0000 0.0000 0.0000 0.0010 0.0001 0.0000 0.0000 0.0000 0.0000 0.0000 0.0000 0.0000 0.0000 0.0000 0.0001 0.0000 0.0000 0.0003 0.0003 0.0145 0.0098 0.0010 0.0008 0.0000 0.0421 0.0604 0.0009 0.0002 0.0046 0.0000 0.0000 0.0000 0.0000 0.0000 0.0000 0.0000 0.0000 0.0000 0.0000 0.0000 0.0000 0.0000 0.0000 0.0000 0.0000 0.0000 0.0000 0.0000 0.0002 0.0002 0.0044 0.0021 0.0009 0.0027 0.0068 0.0005 0.0004 0.0004 0.0001 0.0003 0.0001
0.0000 0.0000 0.0000 0.0000 0.0000 0.0000 0.0000 0.0000 0.0000 0.0000 0.0005 0.0032 0.0009 0.0261 0.0000 0.0000 0.0000 0.0000 0.0000 0.0000 0.0000 0.0000 0.0000 0.0001 0.0000 0.0000 0.0000 0.0000 0.0000 0.0000 0.0000 0.0000 0.0000 0.0000 0.0000 0.0000 0.0001 0.0003 0.0322 0.0156 0.0003 0.0027 0.0000 0.0014 0.0063 0.0008 0.0000 0.0012 0.0001 0.0000 0.0000 0.0000 0.0000 0.0000 0.0000 0.0000 0.0000 0.0000 0.0000 0.0000 0.0000 0.0000 0.0000 0.0000 0.0000 0.0000 0.0000 0.0004 0.0005 0.0090 0.0150 0.0013 0.0055 0.0300 0.0042 0.0009 0.0010 0.0001 0.0001 0.0001
0.0000 0.0000 0.0000 0.0000 0.0000 0.0000 0.0000 0.0000 0.0000 0.0000 0.0011 0.0045 0.0003 0.0010 0.1940 0.0000 0.0000 0.0000 0.0000 0.0000 0.0000 0.0000 0.0000 0.0000 0.0000 0.0000 0.0000 0.0000 0.0000 0.0000 0.0000 0.0000 0.0000 0.0000 0.0000 0.0001 0.0049 0.0041 0.4787 0.2005 0.0105 0.0536 0.0000 0.0313 0.5520 0.0045 0.0000 0.0005 0.0002 0.0000 0.0000 0.0000 0.0000 0.0000 0.0000 0.0000 0.0000 0.0000 0.0000 0.0000 0.0000 0.0000 0.0000 0.0000 0.0000 0.0000 0.0000 0.0001 0.0051 0.1698 0.1571 0.0182 0.0435 0.1858 0.0697 0.0181 0.0008 0.0001 0.0002 0.0001
0.0000 0.0000 0.0000 0.0000 0.0000 0.0000 0.0000 0.0000 0.0000 0.0000 0.0007 0.0039 0.0000 0.0001 0.0041 0.0346 0.0000 0.0000 0.0000 0.0000 0.0000 0.0000 0.0000 0.0000 0.0000 0.0000 0.0000 0.0000 0.0000 0.0000 0.0000 0.0000 0.0000 0.0000 0.0000 0.0039 0.0326 0.1197 0.6592 0.2297 0.0170 0.1212 0.0002 0.0040 0.6198 0.0013 0.0001 0.0053 0.0004 0.0000 0.0000 0.0000 0.0000 0.0000 0.0000 0.0000 0.0000 0.0000 0.0000 0.0000 0.0000 0.0000 0.0000 0.0000 0.0001 0.0000 0.0001 0.0007 0.1175 0.5826 0.2148 0.0265 0.0082 0.0076 0.0030 0.0007 0.0002 0.0000 0.0002 0.0003
0.0000 0.0000 0.0000 0.0000 0.0000 0.0000 0.0000 0.0015 0.0000 0.0000 0.0361 0.1588 0.0004 0.0001 0.1932 0.0179 0.0216 0.0000 0.0000 0.0000 0.0000 0.0000 0.0000 0.0000 0.0000 0.0000 0.0000 0.0000 0.0000 0.0000 0.0000 0.0000 0.0000 0.0000 0.0021 0.0274 0.9331 0.8078 0.4755 0.9086 0.0893 0.0191 0.0001 0.0090 0.7352 0.0025 0.0000 0.0763 0.0044 0.0000 0.0001 0.0131 0.0000 0.0000 0.0000 0.0000 0.0000 0.0000 0.0000 0.0000 0.0000 0.0000 0.0000 0.0003 0.0000 0.0039 0.0276 0.9051 0.9661 0.8896 0.2017 0.0044 0.0219 0.0085 0.0048 0.0001 0.0007 0.0001 0.0000 0.0003
0.0000 0.0000 0.0000 0.0000 0.0000 0.0000 0.0000 0.0008 0.0003 0.0000 0.0024 0.0229 0.0001 0.0000 0.0188 0.0004 0.0012 0.0010 0.0000 0.0000 0.0000 0.0000 0.0000 0.0000 0.0000 0.0000 0.0000 0.0003 0.0000 0.0000 0.0000 0.0000 0.0000 0.0064 0.0775 0.1858 0.9633 0.7079 0.1829 0.0492 0.0005 0.0038 0.0001 0.0000 0.0026 0.0001 0.0001 0.0017 0.0118 0.0000 0.0000 0.0005 0.0000 0.0000 0.0000 0.0002 0.0001 0.0000 0.0000 0.0000 0.0000 0.0000 0.0000 0.0001 0.0001 0.0022 0.2877 0.9751 0.9757 0.7072 0.0993 0.0378 0.0474 0.0148 0.0033 0.0098 0.0031 0.0006 0.0001 0.0029
0.0000 0.0000 0.0000 0.0005 0.0000 0.0000 0.0000 0.0140 0.0001 0.0000 0.0148 0.0100 0.0000 0.0000 0.0540 0.0007 0.0000 0.0001 0.0001 0.0000 0.0000 0.0000 0.0000 0.0000 0.0000 0.0000 0.0000 0.0000 0.0001 0.0001 0.0000 0.0000 0.0002 0.0171 0.9601 0.9857 0.9857 0.4246 0.0012 0.0017 0.0000 0.0000 0.0000 0.0000 0.0123 0.0000 0.0000 0.0047 0.0150 0.0000 0.0000 0.0104 0.0001 0.0000 0.0000 0.0001 0.0000 0.0000 0.0000 0.0000 0.0001 0.0000 0.0001 0.0033 0.0004 0.9230 0.9811 0.9882 0.6753 0.0077 0.0009 0.0007 0.0040 0.0005 0.0059 0.0007 0.0010 0.0000 0.0000 0.0003
0.0000 0.0000 0.0000 0.0003 0.0000 0.0000 0.0002 0.0052 0.0001 0.0000 0.0022 0.0003 0.0000 0.0000 0.0006 0.0000 0.0000 0.0000 0.0000 0.0000 0.0000 0.0000 0.0000 0.0000 0.0000 0.0000 0.0000 0.0000 0.0000 0.0126 0.0035 0.0011 0.0058 0.0806 0.9715 0.9293 0.6429 0.5179 0.0008 0.0002 0.0000 0.0005 0.0000 0.0010 0.0125 0.0003 0.0001 0.0117 0.0050 0.0000 0.0001 0.0001 0.0001 0.0000 0.0005 0.0001 0.0000 0.0000 0.0001 0.0000 0.0000 0.0000 0.0000 0.0005 0.1897 0.9889 0.9815 0.3081 0.4023 0.0030 0.0015 0.0129 0.0004 0.0025 0.0047 0.0035 0.0225 0.0023 0.0002 0.0042
0.0001 0.0000 0.0000 0.0026 0.0018 0.0000 0.0005 0.0387 0.0008 0.0000 0.0098 0.0202 0.0000 0.0000 0.0008 0.0001 0.0000 0.0000 0.0000 0.0000 0.0000 0.0000 0.0000 0.0000 0.0000 0.0000 0.0000 0.0000 0.0000 0.0000 0.1183 0.0403 0.8864 0.9807 0.9720 0.1842 0.0078 0.0006 0.0000 0.0000 0.0000 0.0000 0.0000 0.0000 0.0000 0.0000 0.0000 0.0006 0.0013 0.0000 0.0001 0.0006 0.0000 0.0000 0.0000 0.0000 0.0000 0.0000 0.0000 0.0000 0.0003 0.0000 0.0009 0.9081 0.9771 0.9958 0.3096 0.0187 0.0011 0.0000 0.0003 0.0000 0.0001 0.0001 0.0006 0.0006 0.0034 0.0001 0.0001 0.0004
0.0004 0.0000 0.0000 0.0003 0.0000 0.0000 0.0001 0.0005 0.0000 0.0000 0.0002 0.0000 0.0000 0.0000 0.0000 0.0000 0.0000 0.0000 0.0000 0.0000 0.0000 0.0000 0.0000 0.0000 0.0000 0.0000 0.0000 0.0000 0.0000 0.0000 0.0000 0.2932 0.9709 0.9418 0.8842 0.5576 0.0059 0.0076 0.0000 0.0000 0.0000 0.0000 0.0000 0.0003 0.0001 0.0000 0.0000 0.0002 0.0001 0.0000 0.0000 0.0000 0.0000 0.0000 0.0001 0.0010 0.0000 0.0002 0.0002 0.0007 0.0033 0.0006 0.1306 0.9927 0.9843 0.8910 0.5205 0.0008 0.0014 0.0013 0.0001 0.0024 0.0059 0.0170 0.0036 0.0207 0.0119 0.0017 0.0016 0.0008
0.0010 0.0017 0.0007 0.0068 0.0044 0.0011 0.0018 0.0008 0.0010 0.0000 0.0003 0.0002 0.0000 0.0000 0.0000 0.0000 0.0000 0.0000 0.0000 0.0000 0.0000 0.0000 0.0003 0.0000 0.0000 0.0000 0.0000 0.0000 0.0000 0.0000 0.0000 0.0000 0.8444 0.2606 0.0053 0.0004 0.0004 0.0000 0.0000 0.0000 0.0000 0.0000 0.0000 0.0000 0.0001 0.0000 0.0000 0.0001 0.0001 0.0000 0.0000 0.0000 0.0000 0.0000 0.0000 0.0002 0.0000 0.0001 0.0001 0.0015 0.0115 0.7293 0.9501 0.9885 0.3529 0.0153 0.0011 0.0022 0.0004 0.0002 0.0002 0.0003 0.0003 0.0001 0.0001 0.0004 0.0019 0.0016 0.0006 0.0015
0.0004 0.0003 0.0001 0.0020 0.0007 0.0001 0.0020 0.0004 0.0000 0.0000 0.0001 0.0000 0.0000 0.0000 0.0000 0.0000 0.0000 0.0000 0.0000 0.0000 0.0000 0.0000 0.0000 0.0001 0.0000 0.0000 0.0000 0.0000 0.0000 0.0000 0.0000 0.0000 0.0000 0.5431 0.0011 0.0015 0.0007 0.0018 0.0000 0.0000 0.0000 0.0000 0.0000 0.0000 0.0000 0.0000 0.0000 0.0000 0.0000 0.0000 0.0000 0.0000 0.0000 0.0000 0.0001 0.0000 0.0000 0.0001 0.0022 0.0583 0.1366 0.8823 0.9596 0.8496 0.2190 0.0019 0.0111 0.0008 0.0023 0.0006 0.0003 0.0018 0.0001 0.0126 0.0002 0.0141 0.0003 0.0012 0.0001 0.0006
0.0012 0.0008 0.0009 0.0078 0.0018 0.0001 0.0023 0.0009 0.0001 0.0000 0.0000 0.0000 0.0000 0.0000 0.0000 0.0000 0.0000 0.0000 0.0000 0.0000 0.0000 0.0000 0.0000 0.0001 0.0126 0.0000 0.0000 0.0000 0.0000 0.0000 0.0000 0.0000 0.0000 0.0000 0.0020 0.0001 0.0000 0.0000 0.0000 0.0000 0.0000 0.0000 0.0000 0.0000 0.0000 0.0000 0.0000 0.0000 0.0000 0.0000 0.0000 0.0000 0.0000 0.0000 0.0000 0.0000 0.0000 0.0001 0.0008 0.0465 0.3278 0.6684 0.3795 0.0347 0.0123 0.0003 0.0006 0.0007 0.0002 0.0013 0.0003 0.0002 0.0001 0.0000 0.0001 0.0001 0.0005 0.0002 0.0002 0.0001
0.0014 0.0004 0.0011 0.0044 0.0019 0.0001 0.0054 0.0025 0.0001 0.0000 0.0000 0.0000 0.0000 0.0000 0.0000 0.0000 0.0000 0.0000 0.0000 0.0000 0.0000 0.0000 0.0000 0.0000 0.0035 0.1183 0.0000 0.0000 0.0000 0.0000 0.0000 0.0000 0.0000 0.0000 0.0000 0.0052 0.0000 0.0001 0.0000 0.0000 0.0000 0.0000 0.0000 0.0000 0.0000 0.0000 0.0000 0.0000 0.0000 0.0000 0.0000 0.0000 0.0000 0.0000 0.0000 0.0000 0.0000 0.0003 0.0047 0.0121 0.0640 0.1926 0.0761 0.0066 0.0085 0.0001 0.0002 0.0009 0.0001 0.0007 0.0002 0.0001 0.0000 0.0001 0.0000 0.0001 0.0002 0.0001 0.0002 0.0001
0.0018 0.0009 0.0131 0.0109 0.0004 0.0001 0.0040 0.0021 0.0001 0.0000 0.0000 0.0000 0.0000 0.0000 0.0000 0.0000 0.0000 0.0000 0.0000 0.0000 0.0000 0.0000 0.0000 0.0000 0.0011 0.0403 0.2932 0.0000 0.0000 0.0000 0.0000 0.0000 0.0000 0.0000 0.0000 0.0000 0.0001 0.0000 0.0000 0.0000 0.0000 0.0000 0.0000 0.0000 0.0000 0.0000 0.0000 0.0000 0.0000 0.0000 0.0000 0.0000 0.0000 0.0000 0.0000 0.0000 0.0001 0.0000 0.0023 0.0069 0.0136 0.0199 0.0926 0.0026 0.0333 0.0000 0.0014 0.0029 0.0003 0.0006 0.0005 0.0001 0.0000 0.0002 0.0003 0.0004 0.0015 0.0001 0.0003 0.0001
0.0055 0.0028 0.0056 0.0090 0.0021 0.0007 0.0083 0.0026 0.0004 0.0000 0.0001 0.0002 0.0000 0.0000 0.0000 0.0000 0.0000 0.0000 0.0000 0.0000 0.0000 0.0000 0.0000 0.0002 0.0058 0.8864 0.9709 0.8444 0.0000 0.0000 0.0000 0.0000 0.0000 0.0000 0.0000 0.0000 0.0000 0.0002 0.0000 0.0000 0.0000 0.0000 0.0000 0.0000 0.0000 0.0000 0.0000 0.0000 0.0000 0.0000 0.0000 0.0002 0.0000 0.0000 0.0000 0.0000 0.0000 0.0001 0.0005 0.0007 0.0041 0.0068 0.0031 0.0028 0.0012 0.0001 0.0001 0.0006 0.0007 0.0017 0.0003 0.0001 0.0000 0.0002 0.0003 0.0008 0.0012 0.0002 0.0001 0.0002
0.0025 0.0085 0.0082 0.0487 0.0048 0.0003 0.0115 0.0047 0.0038 0.0033 0.0007 0.0065 0.0000 0.0000 0.0000 0.0000 0.0000 0.0001 0.0000 0.0000 0.0000 0.0000 0.0064 0.0171 0.0806 0.9807 0.9418 0.2606 0.5431 0.0000 0.0000 0.0000 0.0000 0.0000 0.0000 0.0000 0.0000 0.0000 0.0001 0.0000 0.0000 0.0000 0.0000 0.0000 0.0000 0.0000 0.0000 0.0000 0.0000 0.0000 0.0000 0.0000 0.0000 0.0000 0.0000 0.0003 0.0003 0.0007 0.0012 0.0003 0.0004 0.0017 0.0091 0.0031 0.0046 0.0002 0.0002 0.0002 0.0001 0.0003 0.0001 0.0001 0.0001 0.0046 0.0004 0.0008 0.0029 0.0007 0.0002 0.0001
0.0037 0.0059 0.0049 0.0515 0.0227 0.0074 0.0177 0.0126 0.0033 0.0053 0.0009 0.0021 0.0000 0.0000 0.0006 0.0001 0.0000 0.0000 0.0000 0.0000 0.0000 0.0021 0.0775 0.9601 0.9715 0.9720 0.8842 0.0053 0.0011 0.0020 0.0000 0.0000 0.0000 0.0000 0.0000 0.0000 0.0000 0.0000 0.0000 0.0005 0.0000 0.0000 0.0000 0.0001 0.0040 0.0000 0.0000 0.0008 0.0000 0.0000 0.0007 0.0001 0.0000 0.0000 0.0000 0.0005 0.0002 0.0004 0.0002 0.0001 0.0006 0.0035 0.0106 0.0249 0.0192 0.0048 0.0005 0.0085 0.0007 0.0004 0.0001 0.0000 0.0000 0.0000 0.0002 0.0001 0.0008 0.0002 0.0000 0.0001
0.0036 0.0026 0.0028 0.0107 0.0022 0.0012 0.0031 0.0008 0.0010 0.0021 0.0026 0.0069 0.0014 0.0006 0.0018 0.0005 0.0000 0.0000 0.0000 0.0001 0.0039 0.0274 0.1858 0.9857 0.9293 0.1842 0.5576 0.0004 0.0015 0.0001 0.0052 0.0000 0.0000 0.0000 0.0000 0.0000 0.0000 0.0000 0.0000 0.0000 0.0003 0.0000 0.0000 0.0001 0.0016 0.0000 0.0000 0.0001 0.0000 0.0000 0.0000 0.0000 0.0000 0.0000 0.0001 0.0004 0.0001 0.0003 0.0006 0.0003 0.0001 0.0002 0.0002 0.0001 0.0001 0.0001 0.0005 0.0002 0.0004 0.0004 0.0015 0.0017 0.0001 0.0006 0.0000 0.0003 0.0039 0.0004 0.0003 0.0001
0.0027 0.0017 0.0038 0.0602 0.0040 0.0012 0.0052 0.0053 0.0009 0.0004 0.0016 0.0378 0.0015 0.0000 0.0036 0.0023 0.0002 0.0003 0.0001 0.0049 0.0326 0.9331 0.9633 0.9857 0.6429 0.0078 0.0059 0.0004 0.0007 0.0000 0.0000 0.0001 0.0000 0.0000 0.0000 0.0000 0.0000 0.0000 0.0000 0.0000 0.0000 0.0057 0.0000 0.0016 0.0641 0.0000 0.0000 0.0043 0.0005 0.0000 0.0010 0.0015 0.0000 0.0000 0.0000 0.0009 0.0000 0.0000 0.0003 0.0004 0.0001 0.0011 0.0006 0.0019 0.0024 0.0047 0.0030 0.0357 0.0005 0.0086 0.0010 0.0007 0.0006 0.0003 0.0002 0.0002 0.0050 0.0002 0.0005 0.0001
0.0043 0.0049 0.0172 0.0217 0.0006 0.0049 0.0304 0.0001 0.0001 0.0001 0.0001 0.0035 0.0015 0.0003 0.0122 0.0298 0.0013 0.0003 0.0003 0.0041 0.1197 0.8078 0.7079 0.4246 0.5179 0.0006 0.0076 0.0000 0.0018 0.0000 0.0001 0.0000 0.0002 0.0000 0.0000 0.0000 0.0000 0.0000 0.0000 0.0000 0.0000 0.0000 0.0001 0.0004 0.0020 0.0000 0.0000 0.0052 0.0003 0.0000 0.0010 0.0004 0.0000 0.0001 0.0004 0.0001 0.0000 0.0000 0.0000 0.0001 0.0004 0.0017 0.0001 0.0027 0.0159 0.0015 0.0002 0.0014 0.0002 0.0020 0.0014 0.0012 0.0002 0.0011 0.0002 0.0015 0.0068 0.0002 0.0001 0.0001
0.0013 0.0003 0.0002 0.0003 0.0003 0.0004 0.0011 0.0003 0.0001 0.0001 0.0001 0.0040 0.0002 0.0002 0.0007 0.0226 0.0030 0.0145 0.0322 0.4787 0.6592 0.4755 0.1829 0.0012 0.0008 0.0000 0.0000 0.0000 0.0000 0.0000 0.0000 0.0000 0.0000 0.0001 0.0000 0.0000 0.0000 0.0000 0.0000 0.0000 0.0000 0.0000 0.0000 0.0006 0.0002 0.0003 0.0003 0.0008 0.0000 0.0000 0.0003 0.0000 0.0000 0.0001 0.0002 0.0002 0.0000 0.0000 0.0000 0.0000 0.0000 0.0025 0.0002 0.0000 0.0001 0.0006 0.0012 0.0024 0.0013 0.0090 0.0035 0.0007 0.0015 0.0005 0.0004 0.0004 0.0007 0.0001 0.0007 0.0005
0.0003 0.0003 0.0002 0.0246 0.0029 0.0009 0.0070 0.0127 0.0024 0.0001 0.0016 0.0061 0.0003 0.0000 0.0615 0.0516 0.0053 0.0098 0.0156 0.2005 0.2297 0.9086 0.0492 0.0017 0.0002 0.0000 0.0000 0.0000 0.0000 0.0000 0.0000 0.0000 0.0000 0.0000 0.0005 0.0000 0.0000 0.0000 0.0000 0.0000 0.0000 0.0000 0.0000 0.0000 0.9757 0.0003 0.0003 0.3642 0.0001 0.0000 0.0015 0.0006 0.0000 0.0074 0.0007 0.0004 0.0000 0.0000 0.0000 0.0000 0.0000 0.0000 0.0000 0.0000 0.0001 0.0004 0.0009 0.0006 0.0005 0.0008 0.0004 0.0005 0.0013 0.0009 0.0019 0.0008 0.0002 0.0001 0.0002 0.0003
0.0000 0.0000 0.0000 0.0000 0.0000 0.0000 0.0000 0.0000 0.0000 0.0000 0.0000 0.0000 0.0000 0.0000 0.0000 0.0011 0.0002 0.0010 0.0003 0.0105 0.0170 0.0893 0.0005 0.0000 0.0000 0.0000 0.0000 0.0000 0.0000 0.0000 0.0000 0.0000 0.0000 0.0000 0.0000 0.0003 0.0000 0.0000 0.0000 0.0000 0.0000 0.0000 0.0000 0.0000 0.0000 0.0020 0.0016 0.0000 0.0000 0.0000 0.0000 0.0000 0.0000 0.0000 0.0001 0.0000 0.0000 0.0000 0.0002 0.0001 0.0000 0.0000 0.0000 0.0000 0.0000 0.0000 0.0000 0.0001 0.0001 0.0004 0.0004 0.0013 0.0007 0.0011 0.0010 0.0004 0.0016 0.0003 0.0001 0.0002
0.0003 0.0002 0.0000 0.0000 0.0000 0.0000 0.0000 0.0000 0.0000 0.0000 0.0000 0.0001 0.0001 0.0001 0.0007 0.0068 0.0516 0.0008 0.0027 0.0536 0.1212 0.0191 0.0038 0.0000 0.0005 0.0000 0.0000 0.0000 0.0000 0.0000 0.0000 0.0000 0.0000 0.0000 0.0000 0.0000 0.0057 0.0000 0.0000 0.0000 0.0000 0.0000 0.0000 0.0000 0.0024 0.0000 0.0003 0.0003 0.0000 0.0001 0.0038 0.0001 0.0000 0.0000 0.0001 0.0000 0.0001 0.0000 0.0001 0.0000 0.0000 0.0000 0.0000 0.0000 0.0000 0.0000 0.0000 0.0000 0.0004 0.0013 0.0011 0.0007 0.0008 0.0019 0.0018 0.0044 0.0040 0.0002 0.0001 0.0001
0.0000 0.0000 0.0000 0.0000 0.0001 0.0001 0.0000 0.0001 0.0000 0.0000 0.0000 0.0000 0.0000 0.0000 0.0000 0.0000 0.0001 0.0000 0.0000 0.0000 0.0002 0.0001 0.0001 0.0000 0.0000 0.0000 0.0000 0.0000 0.0000 0.0000 0.0000 0.0000 0.0000 0.0000 0.0000 0.0000 0.0000 0.0001 0.0000 0.0000 0.0000 0.0000 0.0000 0.0000 0.0000 0.0000 0.0000 0.0001 0.0000 0.0000 0.0016 0.0000 0.0000 0.0001 0.0003 0.0000 0.0000 0.0001 0.0013 0.0000 0.0000 0.0000 0.0000 0.0000 0.0000 0.0000 0.0000 0.0001 0.0000 0.0001 0.0000 0.0001 0.0000 0.0001 0.0003 0.0004 0.0025 0.0012 0.0002 0.0001
0.0000 0.0000 0.0000 0.0003 0.0005 0.0000 0.0000 0.0003 0.0012 0.0000 0.0004 0.0019 0.0001 0.0037 0.0198 0.0026 0.0017 0.0421 0.0014 0.0313 0.0040 0.0090 0.0000 0.0000 0.0010 0.0000 0.0003 0.0000 0.0000 0.0000 0.0000 0.0000 0.0000 0.0000 0.0001 0.0001 0.0016 0.0004 0.0006 0.0000 0.0000 0.0000 0.0000 0.0000 0.0000 0.0000 0.0000 0.0000 0.0000 0.0002 0.0002 0.0000 0.0000 0.0001 0.0000 0.0001 0.0000 0.0000 0.0001 0.0001 0.0000 0.0000 0.0000 0.0000 0.0000 0.0000 0.0001 0.0001 0.0000 0.0001 0.0000 0.0001 0.0005 0.0019 0.0010 0.0020 0.0101 0.0003 0.0003 0.0010
0.0000 0.0000 0.0006 0.0040 0.0006 0.0006 0.0002 0.0267 0.0135 0.0006 0.0293 0.1638 0.0046 0.0004 0.6462 0.3903 0.0124 0.0604 0.0063 0.5520 0.6198 0.7352 0.0026 0.0123 0.0125 0.0000 0.0001 0.0001 0.0000 0.0000 0.0000 0.0000 0.0000 0.0000 0.0040 0.0016 0.0641 0.0020 0.0002 0.9757 0.0000 0.0024 0.0000 0.0000 0.0000 0.0000 0.0000 0.0000 0.0000 0.0000 0.0001 0.0000 0.0000 0.0001 0.0000 0.0000 0.0000 0.0000 0.0000 0.0000 0.0000 0.0000 0.0000 0.0000 0.0001 0.0000 0.0004 0.0008 0.0002 0.0035 0.0016 0.0057 0.0279 0.0247 0.0080 0.0046 0.0943 0.0008 0.0003 0.0023
0.0002 0.0000 0.0000 0.0001 0.0004 0.0020 0.0002 0.0001 0.0003 0.0000 0.0003 0.0015 0.0000 0.0000 0.0097 0.0291 0.0012 0.0009 0.0008 0.0045 0.0013 0.0025 0.0001 0.0000 0.0003 0.0000 0.0000 0.0000 0.0000 0.0000 0.0000 0.0000 0.0000 0.0000 0.0000 0.0000 0.0000 0.0000 0.0003 0.0003 0.0020 0.0000 0.0000 0.0000 0.0000 0.0000 0.0000 0.0000 0.0000 0.0000 0.0001 0.0000 0.0000 0.0000 0.0000 0.0000 0.0000 0.0000 0.0000 0.0000 0.0001 0.0000 0.0000 0.0000 0.0001 0.0008 0.0002 0.0156 0.0009 0.0045 0.0005 0.0060 0.0053 0.0193 0.0031 0.0122 0.0799 0.0010 0.0004 0.0007
0.0001 0.0000 0.0000 0.0000 0.0000 0.0001 0.0000 0.0001 0.0001 0.0009 0.0008 0.0001 0.0000 0.0001 0.0006 0.0002 0.0007 0.0002 0.0000 0.0000 0.0001 0.0000 0.0001 0.0000 0.0001 0.0000 0.0000 0.0000 0.0000 0.0000 0.0000 0.0000 0.0000 0.0000 0.0000 0.0000 0.0000 0.0000 0.0003 0.0003 0.0016 0.0003 0.0000 0.0000 0.0000 0.0000 0.0000 0.0000 0.0000 0.0000 0.0000 0.0000 0.0000 0.0000 0.0000 0.0000 0.0000 0.0000 0.0000 0.0000 0.0000 0.0000 0.0000 0.0000 0.0000 0.0000 0.0003 0.0004 0.0001 0.0008 0.0004 0.0002 0.0004 0.0010 0.0019 0.0002 0.0083 0.0006 0.0037 0.0019
0.0000 0.0000 0.0000 0.0020 0.0001 0.0000 0.0018 0.0639 0.0066 0.0004 0.3123 0.1524 0.0004 0.0028 0.3696 0.0043 0.0011 0.0046 0.0012 0.0005 0.0053 0.0763 0.0017 0.0047 0.0117 0.0006 0.0002 0.0001 0.0000 0.0000 0.0000 0.0000 0.0000 0.0000 0.0008 0.0001 0.0043 0.0052 0.0008 0.3642 0.0000 0.0003 0.0001 0.0000 0.0000 0.0000 0.0000 0.0000 0.0000 0.0000 0.0000 0.0000 0.0000 0.0000 0.0000 0.0000 0.0000 0.0000 0.0000 0.0000 0.0000 0.0000 0.0001 0.0002 0.0002 0.0023 0.0075 0.0072 0.0002 0.0003 0.0006 0.0004 0.0160 0.0185 0.0114 0.0094 0.0274 0.0023 0.0032 0.0050
0.0000 0.0000 0.0001 0.0026 0.0003 0.0000 0.0003 0.0502 0.0164 0.0018 0.0679 0.3138 0.0034 0.0000 0.1739 0.2053 0.0010 0.0000 0.0001 0.0002 0.0004 0.0044 0.0118 0.0150 0.0050 0.0013 0.0001 0.0001 0.0000 0.0000 0.0000 0.0000 0.0000 0.0000 0.0000 0.0000 0.0005 0.0003 0.0000 0.0001 0.0000 0.0000 0.0000 0.0000 0.0000 0.0000 0.0000 0.0000 0.0000 0.0000 0.0000 0.0000 0.0000 0.0013 0.0001 0.0001 0.0000 0.0000 0.0000 0.0000 0.0000 0.0000 0.0000 0.0003 0.0024 0.0549 0.0240 0.0940 0.0098 0.0113 0.0134 0.0072 0.0287 0.0964 0.0169 0.0060 0.0544 0.0008 0.0044 0.0017
0.0000 0.0000 0.0000 0.0000 0.0000 0.0000 0.0002 0.0001 0.0003 0.0000 0.0002 0.0014 0.0001 0.0000 0.0002 0.0009 0.0000 0.0000 0.0000 0.0000 0.0000 0.0000 0.0000 0.0000 0.0000 0.0000 0.0000 0.0000 0.0000 0.0000 0.0000 0.0000 0.0000 0.0000 0.0000 0.0000 0.0000 0.0000 0.0000 0.0000 0.0000 0.0001 0.0000 0.0002 0.0000 0.0000 0.0000 0.0000 0.0000 0.0000 0.0000 0.0000 0.0000 0.0000 0.0004 0.0001 0.0000 0.0000 0.0000 0.0000 0.0000 0.0000 0.0000 0.0001 0.0006 0.0026 0.0139 0.0083 0.0020 0.0007 0.0005 0.0012 0.0006 0.0008 0.0014 0.0003 0.0076 0.0011 0.0014 0.0019
0.0001 0.0000 0.0000 0.0002 0.0001 0.0000 0.0002 0.0122 0.0001 0.0003 0.0438 0.0047 0.0002 0.0031 0.0145 0.0001 0.0000 0.0000 0.0000 0.0000 0.0000 0.0001 0.0000 0.0000 0.0001 0.0001 0.0000 0.0000 0.0000 0.0000 0.0000 0.0000 0.0000 0.0000 0.0007 0.0000 0.0010 0.0010 0.0003 0.0015 0.0000 0.0038 0.0016 0.0002 0.0001 0.0001 0.0000 0.0000 0.0000 0.0000 0.0000 0.0000 0.0000 0.0000 0.0000 0.0046 0.0024 0.0001 0.0000 0.0000 0.0000 0.0000 0.0004 0.0000 0.0002 0.0025 0.0196 0.0077 0.0003 0.0006 0.0001 0.0002 0.0002 0.0003 0.0005 0.0016 0.0162 0.0004 0.0059 0.0011
0.0001 0.0000 0.0002 0.0229 0.0006 0.0000 0.0402 0.5783 0.0166 0.0002 0.6588 0.4162 0.0002 0.0005 0.0142 0.0001 0.0000 0.0000 0.0000 0.0000 0.0000 0.0131 0.0005 0.0104 0.0001 0.0006 0.0000 0.0000 0.0000 0.0000 0.0000 0.0000 0.0002 0.0000 0.0001 0.0000 0.0015 0.0004 0.0000 0.0006 0.0000 0.0001 0.0000 0.0000 0.0000 0.0000 0.0000 0.0000 0.0000 0.0000 0.0000 0.0000 0.0000 0.0000 0.0000 0.0000 0.0014 0.0022 0.0001 0.0003 0.0021 0.0009 0.0063 0.0185 0.0035 0.0110 0.0091 0.0185 0.0010 0.0001 0.0001 0.0002 0.0064 0.0153 0.0028 0.0015 0.0167 0.0018 0.0006 0.0010
0.0001 0.0000 0.0000 0.0024 0.0002 0.0001 0.0006 0.0301 0.0007 0.0000 0.0012 0.0371 0.0000 0.0000 0.0000 0.0000 0.0000 0.0000 0.0000 0.0000 0.0000 0.0000 0.0000 0.0001 0.0001 0.0000 0.0000 0.0000 0.0000 0.0000 0.0000 0.0000 0.0000 0.0000 0.0000 0.0000 0.0000 0.0000 0.0000 0.0000 0.0000 0.0000 0.0000 0.0000 0.0000 0.0000 0.0000 0.0000 0.0000 0.0000 0.0000 0.0000 0.0000 0.0000 0.0000 0.0000 0.0000 0.0034 0.0001 0.0000 0.0011 0.0027 0.0077 0.0130 0.0912 0.0204 0.0133 0.0490 0.0225 0.0018 0.0001 0.0002 0.0006 0.0048 0.0041 0.0009 0.0154 0.0005 0.0012 0.0004
0.0000 0.0000 0.0000 0.0000 0.0000 0.0000 0.0000 0.0000 0.0000 0.0000 0.0000 0.0000 0.0000 0.0000 0.0000 0.0000 0.0000 0.0000 0.0000 0.0000 0.0000 0.0000 0.0000 0.0000 0.0000 0.0000 0.0000 0.0000 0.0000 0.0000 0.0000 0.0000 0.0000 0.0000 0.0000 0.0000 0.0000 0.0001 0.0001 0.0074 0.0000 0.0000 0.0001 0.0001 0.0001 0.0000 0.0000 0.0000 0.0013 0.0000 0.0000 0.0000 0.0000 0.0000 0.0000 0.0000 0.0000 0.0000 0.0043 0.0001 0.0006 0.0016 0.0027 0.0553 0.0487 0.0183 0.0207 0.0113 0.0018 0.0002 0.0000 0.0002 0.0004 0.0094 0.0004 0.0002 0.0098 0.0007 0.0010 0.0071
0.0016 0.0000 0.0002 0.0057 0.0000 0.0003 0.0142 0.0053 0.0000 0.0020 0.0190 0.0002 0.0000 0.0003 0.0000 0.0000 0.0000 0.0000 0.0000 0.0000 0.0000 0.0000 0.0000 0.0000 0.0005 0.0000 0.0001 0.0000 0.0001 0.0000 0.0000 0.0000 0.0000 0.0000 0.0000 0.0001 0.0000 0.0004 0.0002 0.0007 0.0001 0.0001 0.0003 0.0000 0.0000 0.0000 0.0000 0.0000 0.0001 0.0004 0.0000 0.0000 0.0000 0.0000 0.0000 0.0000 0.0000 0.0000 0.0000 0.0040 0.0099 0.0072 0.0214 0.0521 0.0506 0.0159 0.0086 0.0017 0.0001 0.0001 0.0000 0.0002 0.0030 0.0646 0.0176 0.0315 0.0969 0.0112 0.0093 0.0046
0.0063 0.0001 0.0008 0.0653 0.0032 0.0004 0.0397 0.1708 0.0008 0.0000 0.0214 0.0039 0.0000 0.0000 0.0000 0.0000 0.0000 0.0000 0.0000 0.0000 0.0000 0.0000 0.0002 0.0001 0.0001 0.0000 0.0010 0.0002 0.0000 0.0000 0.0000 0.0000 0.0000 0.0003 0.0005 0.0004 0.0009 0.0001 0.0002 0.0004 0.0000 0.0000 0.0000 0.0001 0.0000 0.0000 0.0000 0.0000 0.0001 0.0001 0.0046 0.0000 0.0000 0.0000 0.0000 0.0000 0.0000 0.0000 0.0000 0.0000 0.3404 0.1401 0.0735 0.3003 0.0268 0.0442 0.0012 0.0031 0.0000 0.0001 0.0000 0.0001 0.0020 0.0401 0.0130 0.0755 0.1351 0.0202 0.0341 0.0279
0.0001 0.0001 0.0000 0.0002 0.0001 0.0000 0.0000 0.0000 0.0000 0.0000 0.0000 0.0000 0.0000 0.0000 0.0000 0.0000 0.0000 0.0000 0.0000 0.0000 0.0000 0.0000 0.0001 0.0000 0.0000 0.0000 0.0000 0.0000 0.0000 0.0000 0.0000 0.0001 0.0000 0.0003 0.0002 0.0001 0.0000 0.0000 0.0000 0.0000 0.0000 0.0001 0.0000 0.0000 0.0000 0.0000 0.0000 0.0000 0.0000 0.0000 0.0024 0.0014 0.0000 0.0000 0.0000 0.0000 0.0000 0.0000 0.0000 0.0000 0.0000 0.3178 0.0400 0.0677 0.0094 0.0012 0.0001 0.0008 0.0002 0.0000 0.0000 0.0000 0.0000 0.1139 0.0121 0.0132 0.0155 0.0061 0.0444 0.0074
0.0008 0.0002 0.0007 0.0005 0.0000 0.0001 0.0001 0.0000 0.0000 0.0000 0.0000 0.0000 0.0000 0.0000 0.0000 0.0000 0.0000 0.0000 0.0000 0.0000 0.0000 0.0000 0.0000 0.0000 0.0000 0.0000 0.0002 0.0001 0.0001 0.0001 0.0003 0.0000 0.0001 0.0007 0.0004 0.0003 0.0000 0.0000 0.0000 0.0000 0.0000 0.0000 0.0001 0.0000 0.0000 0.0000 0.0000 0.0000 0.0000 0.0000 0.0001 0.0022 0.0034 0.0000 0.0000 0.0000 0.0000 0.0000 0.0000 0.0000 0.0000 0.0000 0.1138 0.0179 0.0078 0.0032 0.0000 0.0001 0.0004 0.0000 0.0000 0.0000 0.0000 0.0011 0.0003 0.0035 0.0097 0.0051 0.0220 0.0038
0.0020 0.0014 0.0067 0.1405 0.0032 0.0000 0.0101 0.0020 0.0001 0.0001 0.0007 0.0000 0.0000 0.0000 0.0000 0.0000 0.0000 0.0000 0.0000 0.0000 0.0000 0.0000 0.0000 0.0000 0.0001 0.0000 0.0002 0.0001 0.0022 0.0008 0.0047 0.0023 0.0005 0.0012 0.0002 0.0006 0.0003 0.0000 0.0000 0.0000 0.0002 0.0001 0.0013 0.0001 0.0000 0.0000 0.0000 0.0000 0.0000 0.0000 0.0000 0.0001 0.0001 0.0043 0.0000 0.0000 0.0000 0.0000 0.0000 0.0000 0.0000 0.0000 0.0000 0.0287 0.0012 0.0001 0.0006 0.0003 0.0000 0.0002 0.0001 0.0000 0.0000 0.0411 0.0003 0.0060 0.0118 0.0104 0.0198 0.0140
0.0001 0.0004 0.0005 0.0119 0.0016 0.0001 0.0010 0.0001 0.0000 0.0000 0.0000 0.0000 0.0000 0.0000 0.0000 0.0000 0.0000 0.0000 0.0000 0.0000 0.0000 0.0000 0.0000 0.0000 0.0000 0.0000 0.0007 0.0015 0.0583 0.0465 0.0121 0.0069 0.0007 0.0003 0.0001 0.0003 0.0004 0.0001 0.0000 0.0000 0.0001 0.0000 0.0000 0.0001 0.0000 0.0000 0.0000 0.0000 0.0000 0.0000 0.0000 0.0003 0.0000 0.0001 0.0040 0.0000 0.0000 0.0000 0.0000 0.0000 0.0000 0.0000 0.0000 0.0000 0.0081 0.0002 0.0001 0.0006 0.0002 0.0002 0.0000 0.0000 0.0001 0.0108 0.0031 0.0254 0.0221 0.0483 0.1082 0.0179
0.0004 0.0002 0.0003 0.0053 0.0039 0.0000 0.0001 0.0001 0.0000 0.0000 0.0002 0.0000 0.0000 0.0000 0.0000 0.0000 0.0000 0.0000 0.0000 0.0000 0.0000 0.0000 0.0000 0.0001 0.0000 0.0003 0.0033 0.0115 0.1366 0.3278 0.0640 0.0136 0.0041 0.0004 0.0006 0.0001 0.0001 0.0004 0.0000 0.0000 0.0000 0.0000 0.0000 0.0000 0.0000 0.0001 0.0000 0.0000 0.0000 0.0000 0.0000 0.0021 0.0011 0.0006 0.0099 0.3404 0.0000 0.0000 0.0000 0.0000 0.0000 0.0000 0.0000 0.0000 0.0000 0.0015 0.0000 0.0000 0.0003 0.0002 0.0000 0.0000 0.0000 0.0025 0.0020 0.0219 0.1200 0.1100 0.2206 0.1241
0.0008 0.0003 0.0006 0.0019 0.0002 0.0000 0.0002 0.0000 0.0000 0.0000 0.0000 0.0000 0.0000 0.0000 0.0000 0.0000 0.0000 0.0000 0.0000 0.0000 0.0000 0.0000 0.0000 0.0000 0.0000 0.0000 0.0006 0.7293 0.8823 0.6684 0.1926 0.0199 0.0068 0.0017 0.0035 0.0002 0.0011 0.0017 0.0025 0.0000 0.0000 0.0000 0.0000 0.0000 0.0000 0.0000 0.0000 0.0000 0.0000 0.0000 0.0000 0.0009 0.0027 0.0016 0.0072 0.1401 0.3178 0.0000 0.0000 0.0000 0.0000 0.0000 0.0000 0.0000 0.0000 0.0000 0.0003 0.0000 0.0001 0.0009 0.0001 0.0001 0.0001 0.0080 0.0049 0.3579 0.2414 0.2476 0.2294 0.1529
0.0021 0.0010 0.0008 0.0076 0.0001 0.0001 0.0009 0.0001 0.0001 0.0000 0.0002 0.0000 0.0000 0.0000 0.0000 0.0000 0.0000 0.0000 0.0000 0.0000 0.0000 0.0000 0.0000 0.0001 0.0000 0.0009 0.1306 0.9501 0.9596 0.3795 0.0761 0.0926 0.0031 0.0091 0.0106 0.0002 0.0006 0.0001 0.0002 0.0000 0.0000 0.0000 0.0000 0.0000 0.0000 0.0000 0.0000 0.0001 0.0000 0.0000 0.0004 0.0063 0.0077 0.0027 0.0214 0.0735 0.0400 0.1138 0.0000 0.0000 0.0000 0.0000 0.0000 0.0000 0.0000 0.0000 0.0000 0.0006 0.0001 0.0000 0.0000 0.0002 0.0004 0.0143 0.0640 0.3939 0.2884 0.1817 0.0866 0.0414
0.0014 0.0017 0.0008 0.0064 0.0051 0.0004 0.0012 0.0118 0.0008 0.0001 0.0006 0.0000 0.0000 0.0000 0.0000 0.0000 0.0000 0.0000 0.0000 0.0000 0.0000 0.0003 0.0001 0.0033 0.0005 0.9081 0.9927 0.9885 0.8496 0.0347 0.0066 0.0026 0.0028 0.0031 0.0249 0.0001 0.0019 0.0027 0.0000 0.0000 0.0000 0.0000 0.0000 0.0000 0.0000 0.0000 0.0000 0.0002 0.0003 0.0001 0.0000 0.0185 0.0130 0.0553 0.0521 0.3003 0.0677 0.0179 0.0287 0.0000 0.0000 0.0000 0.0000 0.0000 0.0000 0.0000 0.0000 0.0000 0.0004 0.0000 0.0000 0.0001 0.0002 0.0010 0.0227 0.1644 0.1599 0.1527 0.0228 0.0147
0.0007 0.0002 0.0000 0.0008 0.0002 0.0000 0.0008 0.0029 0.0000 0.0000 0.0001 0.0001 0.0000 0.0000 0.0000 0.0000 0.0000 0.0000 0.0000 0.0000 0.0001 0.0000 0.0001 0.0004 0.1897 0.9771 0.9843 0.3529 0.2190 0.0123 0.0085 0.0333 0.0012 0.0046 0.0192 0.0001 0.0024 0.0159 0.0001 0.0001 0.0000 0.0000 0.0000 0.0000 0.0001 0.0001 0.0000 0.0002 0.0024 0.0006 0.0002 0.0035 0.0912 0.0487 0.0506 0.0268 0.0094 0.0078 0.0012 0.0081 0.0000 0.0000 0.0000 0.0000 0.0000 0.0000 0.0000 0.0000 0.0000 0.0010 0.0000 0.0003 0.0002 0.0429 0.1082 0.5300 0.3126 0.0988 0.0288 0.0075
0.0011 0.0006 0.0003 0.0058 0.0018 0.0000 0.0329 0.2665 0.0125 0.0003 0.0028 0.0053 0.0000 0.0000 0.0001 0.0000 0.0000 0.0000 0.0000 0.0000 0.0000 0.0039 0.0022 0.9230 0.9889 0.9958 0.8910 0.0153 0.0019 0.0003 0.0001 0.0000 0.0001 0.0002 0.0048 0.0001 0.0047 0.0015 0.0006 0.0004 0.0000 0.0000 0.0000 0.0000 0.0000 0.0008 0.0000 0.0023 0.0549 0.0026 0.0025 0.0110 0.0204 0.0183 0.0159 0.0442 0.0012 0.0032 0.0001 0.0002 0.0015 0.0000 0.0000 0.0000 0.0000 0.0000 0.0000 0.0000 0.0000 0.0000 0.0009 0.0001 0.0010 0.0078 0.2096 0.6254 0.3497 0.0583 0.0030 0.0025
0.0006 0.0000 0.0001 0.0007 0.0001 0.0000 0.0082 0.0208 0.0004 0.0003 0.0005 0.0005 0.0000 0.0000 0.0002 0.0000 0.0000 0.0000 0.0000 0.0000 0.0001 0.0276 0.2877 0.9811 0.9815 0.3096 0.5205 0.0011 0.0111 0.0006 0.0002 0.0014 0.0001 0.0002 0.0005 0.0005 0.0030 0.0002 0.0012 0.0009 0.0000 0.0000 0.0000 0.0001 0.0004 0.0002 0.0003 0.0075 0.0240 0.0139 0.0196 0.0091 0.0133 0.0207 0.0086 0.0012 0.0001 0.0000 0.0006 0.0001 0.0000 0.0003 0.0000 0.0000 0.0000 0.0000 0.0000 0.0000 0.0000 0.0000 0.0000 0.0026 0.0106 0.8446 0.8413 0.6051 0.2920 0.0806 0.0090 0.0094
0.0003 0.0002 0.0002 0.0039 0.0019 0.0000 0.0013 0.0359 0.0098 0.0009 0.0248 0.0103 0.0007 0.0004 0.0395 0.0011 0.0001 0.0002 0.0004 0.0001 0.0007 0.9051 0.9751 0.9882 0.3081 0.0187 0.0008 0.0022 0.0008 0.0007 0.0009 0.0029 0.0006 0.0002 0.0085 0.0002 0.0357 0.0014 0.0024 0.0006 0.0001 0.0000 0.0001 0.0001 0.0008 0.0156 0.0004 0.0072 0.0940 0.0083 0.0077 0.0185 0.0490 0.0113 0.0017 0.0031 0.0008 0.0001 0.0003 0.0006 0.0000 0.0000 0.0006 0.0000 0.0000 0.0000 0.0000 0.0000 0.0000 0.0000 0.0000 0.0000 0.0965 0.9064 0.9228 0.3156 0.1426 0.0077 0.0034 0.0018
0.0005 0.0000 0.0000 0.0003 0.0001 0.0000 0.0049 0.0477 0.0102 0.0025 0.0045 0.0017 0.0002 0.0001 0.0008 0.0006 0.0001 0.0002 0.0005 0.0051 0.1175 0.9661 0.9757 0.6753 0.4023 0.0011 0.0014 0.0004 0.0023 0.0002 0.0001 0.0003 0.0007 0.0001 0.0007 0.0004 0.0005 0.0002 0.0013 0.0005 0.0001 0.0004 0.0000 0.0000 0.0002 0.0009 0.0001 0.0002 0.0098 0.0020 0.0003 0.0010 0.0225 0.0018 0.0001 0.0000 0.0002 0.0004 0.0000 0.0002 0.0003 0.0001 0.0001 0.0004 0.0000 0.0000 0.0000 0.0000 0.0000 0.0000 0.0000 0.0000 0.0000 0.9545 0.6255 0.0099 0.0007 0.0006 0.0001 0.0001
0.0001 0.0001 0.0000 0.0004 0.0007 0.0000 0.0004 0.0209 0.0131 0.0003 0.0034 0.0275 0.0033 0.0008 0.0312 0.0321 0.0012 0.0044 0.0090 0.1698 0.5826 0.8896 0.7072 0.0077 0.0030 0.0000 0.0013 0.0002 0.0006 0.0013 0.0007 0.0006 0.0017 0.0003 0.0004 0.0004 0.0086 0.0020 0.0090 0.0008 0.0004 0.0013 0.0001 0.0001 0.0035 0.0045 0.0008 0.0003 0.0113 0.0007 0.0006 0.0001 0.0018 0.0002 0.0001 0.0001 0.0000 0.0000 0.0002 0.0002 0.0002 0.0009 0.0000 0.0000 0.0010 0.0000 0.0000 0.0000 0.0000 0.0000 0.0000 0.0000 0.0000 0.0000 0.5878 0.0103 0.0004 0.0000 0.0000 0.0002
0.0001 0.0000 0.0000 0.0001 0.0007 0.0001 0.0000 0.0007 0.0014 0.0004 0.0001 0.0028 0.0026 0.0004 0.0034 0.0026 0.0015 0.0021 0.0150 0.1571 0.2148 0.2017 0.0993 0.0009 0.0015 0.0003 0.0001 0.0002 0.0003 0.0003 0.0002 0.0005 0.0003 0.0001 0.0001 0.0015 0.0010 0.0014 0.0035 0.0004 0.0004 0.0011 0.0000 0.0000 0.0016 0.0005 0.0004 0.0006 0.0134 0.0005 0.0001 0.0001 0.0001 0.0000 0.0000 0.0000 0.0000 0.0000 0.0001 0.0000 0.0000 0.0001 0.0000 0.0000 0.0000 0.0009 0.0000 0.0000 0.0000 0.0000 0.0000 0.0000 0.0000 0.0000 0.0000 0.0059 0.0001 0.0000 0.0000 0.0001
0.0000 0.0000 0.0000 0.0001 0.0003 0.0000 0.0003 0.0003 0.0002 0.0001 0.0002 0.0036 0.0007 0.0001 0.0017 0.0024 0.0029 0.0009 0.0013 0.0182 0.0265 0.0044 0.0378 0.0007 0.0129 0.0000 0.0024 0.0003 0.0018 0.0002 0.0001 0.0001 0.0001 0.0001 0.0000 0.0017 0.0007 0.0012 0.0007 0.0005 0.0013 0.0007 0.0001 0.0001 0.0057 0.0060 0.0002 0.0004 0.0072 0.0012 0.0002 0.0002 0.0002 0.0002 0.0002 0.0001 0.0000 0.0000 0.0000 0.0000 0.0000 0.0001 0.0002 0.0001 0.0003 0.0001 0.0026 0.0000 0.0000 0.0000 0.0000 0.0000 0.0000 0.0000 0.0000 0.0000 0.0001 0.0000 0.0000 0.0000
0.0001 0.0000 0.0000 0.0001 0.0019 0.0000 0.0004 0.0002 0.0003 0.0003 0.0025 0.0205 0.0079 0.0002 0.0301 0.0559 0.0020 0.0027 0.0055 0.0435 0.0082 0.0219 0.0474 0.0040 0.0004 0.0001 0.0059 0.0003 0.0001 0.0001 0.0000 0.0000 0.0000 0.0001 0.0000 0.0001 0.0006 0.0002 0.0015 0.0013 0.0007 0.0008 0.0000 0.0005 0.0279 0.0053 0.0004 0.0160 0.0287 0.0006 0.0002 0.0064 0.0006 0.0004 0.0030 0.0020 0.0000 0.0000 0.0000 0.0001 0.0000 0.0001 0.0004 0.0002 0.0002 0.0010 0.0106 0.0965 0.0000 0.0000 0.0000 0.0000 0.0000 0.0000 0.0000 0.0000 0.0000 0.0000 0.0000 0.0000
0.0001 0.0001 0.0000 0.0004 0.0036 0.0003 0.0022 0.0016 0.0007 0.0002 0.0005 0.0111 0.0065 0.0005 0.0069 0.1506 0.0359 0.0068 0.0300 0.1858 0.0076 0.0085 0.0148 0.0005 0.0025 0.0001 0.0170 0.0001 0.0126 0.0000 0.0001 0.0002 0.0002 0.0046 0.0000 0.0006 0.0003 0.0011 0.0005 0.0009 0.0011 0.0019 0.0001 0.0019 0.0247 0.0193 0.0010 0.0185 0.0964 0.0008 0.0003 0.0153 0.0048 0.0094 0.0646 0.0401 0.1139 0.0011 0.0411 0.0108 0.0025 0.0080 0.0143 0.0010 0.0429 0.0078 0.8446 0.9064 0.9545 0.0000 0.0000 0.0000 0.0000 0.0000 0.0000 0.0000 0.0000 0.0000 0.0008 0.0018
0.0002 0.0000 0.0000 0.0032 0.0028 0.0004 0.0037 0.0080 0.0069 0.0010 0.0019 0.0103 0.0040 0.0002 0.0043 0.0603 0.0028 0.0005 0.0042 0.0697 0.0030 0.0048 0.0033 0.0059 0.0047 0.0006 0.0036 0.0001 0.0002 0.0001 0.0000 0.0003 0.0003 0.0004 0.0002 0.0000 0.0002 0.0002 0.0004 0.0019 0.0010 0.0018 0.0003 0.0010 0.0080 0.0031 0.0019 0.0114 0.0169 0.0014 0.0005 0.0028 0.0041 0.0004 0.0176 0.0130 0.0121 0.0003 0.0003 0.0031 0.0020 0.0049 0.0640 0.0227 0.1082 0.2096 0.8413 0.9228 0.6255 0.5878 0.0000 0.0000 0.0000 0.0000 0.0000 0.0000 0.0000 0.0000 0.0000 0.0055
0.0007 0.0004 0.0001 0.0012 0.0038 0.0005 0.0012 0.0015 0.0016 0.0003 0.0004 0.0011 0.0010 0.0003 0.0005 0.0027 0.0005 0.0004 0.0009 0.0181 0.0007 0.0001 0.0098 0.0007 0.0035 0.0006 0.0207 0.0004 0.0141 0.0001 0.0001 0.0004 0.0008 0.0008 0.0001 0.0003 0.0002 0.0015 0.0004 0.0008 0.0004 0.0044 0.0004 0.0020 0.0046 0.0122 0.0002 0.0094 0.0060 0.0003 0.0016 0.0015 0.0009 0.0002 0.0315 0.0755 0.0132 0.0035 0.0060 0.0254 0.0219 0.3579 0.3939 0.1644 0.5300 0.6254 0.6051 0.3156 0.0099 0.0103 0.0059 0.0000 0.0000 0.0000 0.0000 0.0000 0.0000 0.0000 0.0000 0.0000
0.0125 0.0029 0.0026 0.0872 0.1898 0.0079 0.0496 0.0772 0.0479 0.0026 0.0077 0.0193 0.0048 0.0006 0.0015 0.0018 0.0004 0.0004 0.0010 0.0008 0.0002 0.0007 0.0031 0.0010 0.0225 0.0034 0.0119 0.0019 0.0003 0.0005 0.0002 0.0015 0.0012 0.0029 0.0008 0.0039 0.0050 0.0068 0.0007 0.0002 0.0016 0.0040 0.0025 0.0101 0.0943 0.0799 0.0083 0.0274 0.0544 0.0076 0.0162 0.0167 0.0154 0.0098 0.0969 0.1351 0.0155 0.0097 0.0118 0.0221 0.1200 0.2414 0.2884 0.1599 0.3126 0.3497 0.2920 0.1426 0.0007 0.0004 0.0001 0.0001 0.0000 0.0000 0.0000 0.0000 0.0000 0.0000 0.0000 0.0000
0.0024 0.0012 0.0007 0.0071 0.0047 0.0070 0.0089 0.0047 0.0040 0.0007 0.0013 0.0007 0.0005 0.0002 0.0002 0.0001 0.0003 0.0001 0.0001 0.0001 0.0000 0.0001 0.0006 0.0000 0.0023 0.0001 0.0017 0.0016 0.0012 0.0002 0.0001 0.0001 0.0002 0.0007 0.0002 0.0004 0.0002 0.0002 0.0001 0.0001 0.0003 0.0002 0.0012 0.0003 0.0008 0.0010 0.0006 0.0023 0.0008 0.0011 0.0004 0.0018 0.0005 0.0007 0.0112 0.0202 0.0061 0.0051 0.0104 0.0483 0.1100 0.2476 0.1817 0.1527 0.0988 0.0583 0.0806 0.0077 0.0006 0.0000 0.0000 0.0000 0.0000 0.0000 0.0000 0.0000 0.0000 0.0000 0.0000 0.0000
0.0003 0.0002 0.0003 0.0022 0.0048 0.0013 0.0133 0.0014 0.0013 0.0036 0.0010 0.0003 0.0001 0.0002 0.0001 0.0001 0.0001 0.0003 0.0001 0.0002 0.0002 0.0000 0.0001 0.0000 0.0002 0.0001 0.0016 0.0006 0.0001 0.0002 0.0002 0.0003 0.0001 0.0002 0.0000 0.0003 0.0005 0.0001 0.0007 0.0002 0.0001 0.0001 0.0002 0.0003 0.0003 0.0004 0.0037 0.0032 0.0044 0.0014 0.0059 0.0006 0.0012 0.0010 0.0093 0.0341 0.0444 0.0220 0.0198 0.1082 0.2206 0.2294 0.0866 0.0228 0.0288 0.0030 0.0090 0.0034 0.0001 0.0000 0.0000 0.0000 0.0000 0.0008 0.0000 0.0000 0.0000 0.0000 0.0000 0.0000
0.0016 0.0004 0.0003 0.0008 0.0032 0.0010 0.0014 0.0025 0.0019 0.0012 0.0034 0.0019 0.0011 0.0006 0.0002 0.0002 0.0002 0.0001 0.0001 0.0001 0.0003 0.0003 0.0029 0.0003 0.0042 0.0004 0.0008 0.0015 0.0006 0.0001 0.0001 0.0001 0.0002 0.0001 0.0001 0.0001 0.0001 0.0001 0.0005 0.0003 0.0002 0.0001 0.0001 0.0010 0.0023 0.0007 0.0019 0.0050 0.0017 0.0019 0.0011 0.0010 0.0004 0.0071 0.0046 0.0279 0.0074 0.0038 0.0140 0.0179 0.1241 0.1529 0.0414 0.0147 0.0075 0.0025 0.0094 0.0018 0.0001 0.0002 0.0001 0.0000 0.0000 0.0018 0.0055 0.0000 0.0000 0.0000 0.0000 0.0000
