0.0000 0.0000 0.0000 0.0000 0.0000 0.0000 0.0000 0.0000 0.0050 0.0000 0.3695 0.3053 0.9888 0.8299 0.1184 0.0001 0.0003 0.0004 0.0001 0.0027 0.0000 0.0000 0.0106 0.0000 0.0000 0.0000 0.0000 0.0000 0.0000 0.0000 0.0000 0.0000 0.0000 0.0000 0.0000 0.0000 0.0000 0.0000 0.0000 0.0000 0.0000 0.0000 0.0001 0.0004 0.0000 0.0009 0.0000 0.0000 0.0000 0.0000 0.0000 0.0000 0.0000 0.0000 0.0000 0.0000 0.0000 0.0012
0.0000 0.0000 0.0000 0.0000 0.0000 0.0000 0.0000 0.0000 0.0000 0.0000 0.8640 0.0114 0.9918 0.7799 0.0044 0.0000 0.0000 0.0000 0.0000 0.0002 0.0008 0.0000 0.0046 0.0018 0.0000 0.0000 0.0000 0.0000 0.0000 0.0000 0.0000 0.0000 0.0000 0.0000 0.0000 0.0000 0.0000 0.0001 0.0000 0.0000 0.0004 0.0000 0.0002 0.0001 0.0000 0.0000 0.0000 0.0000 0.0000 0.0000 0.0000 0.0000 0.0000 0.0000 0.0000 0.0000 0.0000 0.0000
0.0000 0.0000 0.0000 0.0000 0.0000 0.0000 0.0000 0.0000 0.0006 0.0094 0.9612 0.0004 0.9922 0.9998 0.2413 0.0217 0.0003 0.0046 0.0000 0.9903 0.0100 0.0001 0.0109 0.0000 0.0000 0.0000 0.0000 0.0000 0.0000 0.0000 0.0000 0.0000 0.0000 0.0000 0.0004 0.0000 0.0000 0.0000 0.0000 0.0000 0.0000 0.0000 0.0000 0.0000 0.0000 0.0000 0.0000 0.0000 0.0000 0.0000 0.0000 0.0000 0.0000 0.0000 0.0000 0.0000 0.0000 0.0000
0.0000 0.0000 0.0000 0.0000 0.0000 0.0000 0.0000 0.0000 0.6173 0.9982 0.9957 0.0088 0.0013 0.0001 0.0000 0.0000 0.0000 0.0000 0.0000 0.0000 0.0000 0.0070 0.0000 0.0000 0.0000 0.0000 0.0000 0.0000 0.0000 0.0000 0.0000 0.0001 0.0000 0.0000 0.0001 0.0000 0.0000 0.0000 0.0000 0.0000 0.0000 0.0001 0.0000 0.0000 0.0000 0.0000 0.0000 0.0000 0.0000 0.0000 0.0000 0.0000 0.0000 0.0000 0.0000 0.0000 0.0000 0.0000
0.0000 0.0000 0.0000 0.0000 0.0000 0.0000 0.0005 0.0000 0.0000 1.0000 0.9983 0.0004 0.0022 0.0010 0.0000 0.0000 0.0000 0.0002 0.0056 0.7907 0.9999 0.9999 0.0000 0.9406 1.0000 0.0000 0.9522 0.0000 0.0000 0.0000 0.0000 0.0000 0.0000 0.0000 0.0000 0.0000 0.0000 0.0000 0.0000 0.0000 0.0000 0.0000 0.0000 0.0000 0.0000 0.0000 0.0000 0.0001 0.0000 0.0000 0.0006 0.0000 0.0000 0.0000 0.0000 0.0000 0.0000 0.0000
0.0000 0.0000 0.0000 0.0000 0.0000 0.0000 0.0000 0.0000 0.0000 0.0000 0.0002 0.0005 0.0274 0.0000 0.0000 0.0000 0.0000 0.0000 0.8456 0.9207 0.1344 0.0000 0.0000 0.0000 0.0000 0.0000 0.0000 0.0000 0.0150 0.0005 0.0000 0.0000 0.0000 0.0000 0.0000 0.0000 0.0000 0.0000 0.0004 0.0000 0.0000 0.0008 0.0220 0.0000 0.0000 0.0000 0.0000 0.0000 0.0000 0.0000 0.0003 0.0000 0.0000 0.0001 0.0000 0.0000 0.0000 0.0000
0.0000 0.0000 0.0000 0.0000 0.0005 0.0000 0.0000 0.0000 0.0000 0.0000 0.0000 0.0000 0.0000 0.0000 0.0000 0.0000 0.0000 0.0000 0.0032 0.0000 0.9817 0.9998 0.0000 0.0000 1.0000 0.0001 0.4847 0.2657 0.0309 0.0014 0.0000 0.0000 0.0000 0.0000 0.0000 0.0000 0.0000 0.0000 0.0000 0.0000 0.0014 0.0072 0.0493 0.0065 0.0000 0.0069 0.0007 0.0055 0.0000 0.0136 0.2873 0.0222 0.0001 0.1944 0.1024 0.0000 0.0000 0.0001
0.0000 0.0000 0.0000 0.0000 0.0000 0.0000 0.0000 0.0000 0.0001 0.0000 0.0000 0.0000 0.0000 0.0000 0.0001 0.0000 0.0000 0.0000 0.9865 0.0000 0.0004 1.0000 0.0048 1.0000 1.0000 0.0000 0.5502 0.4175 0.0466 0.0023 0.0000 0.0000 0.0000 0.0000 0.0000 0.0000 0.0000 0.0000 0.0000 0.0000 0.0001 0.0003 0.0060 0.0059 0.0000 0.0002 0.0024 0.0072 0.0000 0.0001 0.3484 0.0017 0.0002 0.0005 0.0941 0.0000 0.0002 0.0000
0.0050 0.0000 0.0006 0.6173 0.0000 0.0000 0.0000 0.0001 0.0000 0.0000 0.0000 0.0000 0.0000 0.0000 0.0005 0.0000 0.0000 0.0000 0.0000 0.0000 0.0000 0.0042 0.0000 0.0035 0.0000 0.0000 0.0006 0.0032 0.0012 0.0000 0.0000 0.0000 0.0000 0.0000 0.0000 0.0000 0.0000 0.0000 0.0000 0.0000 0.0000 0.0001 0.0001 0.0000 0.0000 0.0000 0.0001 0.0183 0.0000 0.0000 0.0001 0.0003 0.0000 0.0253 0.0020 0.0000 0.0000 0.0000
0.0000 0.0000 0.0094 0.9982 1.0000 0.0000 0.0000 0.0000 0.0000 0.0000 0.0000 0.0000 0.0000 0.0000 0.0029 0.0000 0.0014 0.0006 0.0046 0.0000 0.0000 0.7811 0.0001 0.9994 0.3885 0.0000 0.0000 0.0416 0.0020 0.0000 0.0003 0.0000 0.0000 0.0000 0.0000 0.0000 0.0000 0.0000 0.0000 0.0001 0.0000 0.0003 0.0001 0.0005 0.0000 0.0003 0.0000 0.0033 0.0000 0.0009 0.0251 0.0000 0.0000 0.0003 0.0257 0.0002 0.0000 0.0000
0.3695 0.8640 0.9612 0.9957 0.9983 0.0002 0.0000 0.0000 0.0000 0.0000 0.0000 0.0000 0.0000 0.0000 0.0000 0.0003 0.0033 0.0001 0.0023 0.0000 0.0000 0.0000 0.0000 0.0000 0.0000 0.0000 0.0000 0.0458 0.0144 0.0000 0.0001 0.0000 0.0000 0.0000 0.0000 0.0000 0.0000 0.0000 0.0000 0.0000 0.0000 0.0000 0.0000 0.0000 0.0000 0.0000 0.0000 0.0001 0.0000 0.0000 0.0005 0.0000 0.0000 0.0000 0.0003 0.0000 0.0000 0.0000
0.3053 0.0114 0.0004 0.0088 0.0004 0.0005 0.0000 0.0000 0.0000 0.0000 0.0000 0.0000 0.0000 0.0000 0.0000 0.0000 0.0275 0.0000 0.0004 0.0000 0.0000 0.0021 0.0000 0.0004 0.0001 0.0000 0.0008 0.0959 0.0108 0.0004 0.0004 0.0001 0.0000 0.0000 0.0000 0.0000 0.0000 0.0000 0.0000 0.0000 0.0004 0.0000 0.0000 0.0000 0.0002 0.0000 0.0000 0.0000 0.0000 0.0000 0.0000 0.0000 0.0000 0.0000 0.0000 0.0000 0.0000 0.0000
0.9888 0.9918 0.9922 0.0013 0.0022 0.0274 0.0000 0.0000 0.0000 0.0000 0.0000 0.0000 0.0000 0.0000 0.0000 0.0000 0.0000 0.0012 0.0000 0.0000 0.0033 0.0290 0.0000 0.0000 0.0000 0.0000 0.0000 0.1307 0.0001 0.0545 0.0015 0.0000 0.0001 0.0000 0.0000 0.0000 0.0000 0.0000 0.0226 0.0000 0.0000 0.0005 0.0000 0.0000 0.0000 0.0000 0.0001 0.0051 0.0000 0.0000 0.0000 0.0002 0.0000 0.0000 0.0000 0.0000 0.0000 0.0000
0.8299 0.7799 0.9998 0.0001 0.0010 0.0000 0.0000 0.0000 0.0000 0.0000 0.0000 0.0000 0.0000 0.0000 0.0000 0.0000 0.0000 0.0000 0.0000 0.0008 0.0000 0.0000 0.0000 0.0000 0.0000 0.0000 0.0000 0.0019 0.0080 0.0362 0.0832 0.0643 0.0001 0.0000 0.0004 0.0001 0.0001 0.0032 0.0105 0.0001 0.0001 0.0005 0.0001 0.0000 0.0000 0.0000 0.0000 0.0005 0.0000 0.0000 0.0000 0.0000 0.0000 0.0000 0.0000 0.0000 0.0000 0.0000
0.1184 0.0044 0.2413 0.0000 0.0000 0.0000 0.0000 0.0001 0.0005 0.0029 0.0000 0.0000 0.0000 0.0000 0.0000 0.0000 0.0000 0.0000 0.0000 0.8358 0.0557 0.0000 0.0000 0.0000 0.0000 0.0000 0.0000 0.0008 0.0004 0.0040 0.0098 0.0001 0.0000 0.0000 0.0000 0.0000 0.0000 0.0000 0.0001 0.0002 0.0000 0.0000 0.0000 0.0000 0.0000 0.0000 0.0000 0.0000 0.0000 0.0000 0.0000 0.0000 0.0000 0.0000 0.0000 0.0000 0.0000 0.0000
0.0001 0.0000 0.0217 0.0000 0.0000 0.0000 0.0000 0.0000 0.0000 0.0000 0.0003 0.0000 0.0000 0.0000 0.0000 0.0000 0.0000 0.0000 0.0000 0.0000 0.0403 0.0000 0.0000 0.0000 0.0000 0.0057 0.0000 0.0019 0.0000 0.0006 0.0247 0.0010 0.0020 0.0001 0.0006 0.0006 0.0001 0.0004 0.0002 0.0006 0.0001 0.0000 0.0000 0.0000 0.0000 0.0000 0.0000 0.0000 0.0000 0.0000 0.0000 0.0000 0.0000 0.0000 0.0000 0.0000 0.0000 0.0000
0.0003 0.0000 0.0003 0.0000 0.0000 0.0000 0.0000 0.0000 0.0000 0.0014 0.0033 0.0275 0.0000 0.0000 0.0000 0.0000 0.0000 0.0000 0.0000 0.0000 0.0000 0.0000 0.0000 0.0000 0.0000 0.0196 0.0000 0.0063 0.0000 0.0141 0.0986 0.0125 0.0035 0.0005 0.0036 0.0007 0.0000 0.0002 0.0000 0.0000 0.0000 0.0000 0.0000 0.0000 0.0000 0.0000 0.0000 0.0001 0.0000 0.0000 0.0000 0.0000 0.0000 0.0000 0.0000 0.0000 0.0000 0.0000
0.0004 0.0000 0.0046 0.0000 0.0002 0.0000 0.0000 0.0000 0.0000 0.0006 0.0001 0.0000 0.0012 0.0000 0.0000 0.0000 0.0000 0.0000 0.0000 0.0000 0.0000 0.0000 0.0000 0.0000 0.0000 0.0018 0.0000 0.0000 0.0001 0.0174 0.6577 0.6063 0.2396 0.0159 0.0523 0.0129 0.0000 0.1091 0.0001 0.0002 0.0000 0.0000 0.0000 0.0000 0.0000 0.0000 0.0000 0.0012 0.0000 0.0000 0.0000 0.0000 0.0000 0.0000 0.0000 0.0000 0.0000 0.0000
0.0001 0.0000 0.0000 0.0000 0.0056 0.8456 0.0032 0.9865 0.0000 0.0046 0.0023 0.0004 0.0000 0.0000 0.0000 0.0000 0.0000 0.0000 0.0000 0.0000 0.0000 0.0000 0.0000 0.0000 0.0000 0.0014 0.0000 0.9998 0.9087 0.7309 0.9993 0.3025 0.0001 0.0002 0.0002 0.0001 0.0000 0.0003 0.0000 0.0000 0.0000 0.0000 0.0000 0.0000 0.0000 0.0000 0.0000 0.0000 0.0000 0.0000 0.0000 0.0000 0.0000 0.0000 0.0000 0.0000 0.0000 0.0000
0.0027 0.0002 0.9903 0.0000 0.7907 0.9207 0.0000 0.0000 0.0000 0.0000 0.0000 0.0000 0.0000 0.0008 0.8358 0.0000 0.0000 0.0000 0.0000 0.0000 0.0000 0.0000 0.0000 0.0000 0.0000 0.0215 0.0012 0.9961 0.9910 0.6157 0.9524 0.9458 0.0918 0.0006 0.0006 0.0001 0.0000 0.0002 0.0000 0.0000 0.0000 0.0000 0.0000 0.0000 0.0000 0.0000 0.0000 0.0000 0.0000 0.0000 0.0000 0.0003 0.0000 0.0000 0.0000 0.0000 0.0000 0.0000
0.0000 0.0008 0.0100 0.0000 0.9999 0.1344 0.9817 0.0004 0.0000 0.0000 0.0000 0.0000 0.0033 0.0000 0.0557 0.0403 0.0000 0.0000 0.0000 0.0000 0.0000 0.0000 0.0000 0.0000 0.0000 0.9595 0.9997 0.9919 0.9534 0.0013 0.0017 0.0013 0.0004 0.0000 0.0000 0.0000 0.0000 0.0000 0.0000 0.0000 0.0000 0.0001 0.0000 0.0000 0.0000 0.0000 0.0000 0.0000 0.0000 0.0000 0.0000 0.0032 0.0000 0.0000 0.0026 0.0000 0.0000 0.0000
0.0000 0.0000 0.0001 0.0070 0.9999 0.0000 0.9998 1.0000 0.0042 0.7811 0.0000 0.0021 0.0290 0.0000 0.0000 0.0000 0.0000 0.0000 0.0000 0.0000 0.0000 0.0000 0.0000 0.0000 0.0000 0.0000 0.9993 0.9598 0.9925 0.0027 0.0000 0.0000 0.0001 0.0001 0.0000 0.0004 0.0000 0.0000 0.0000 0.0000 0.0000 0.0000 0.0000 0.0000 0.0000 0.0000 0.0000 0.0000 0.0000 0.0000 0.0000 0.0001 0.0001 0.0000 0.0109 0.0000 0.0000 0.0019
0.0106 0.0046 0.0109 0.0000 0.0000 0.0000 0.0000 0.0048 0.0000 0.0001 0.0000 0.0000 0.0000 0.0000 0.0000 0.0000 0.0000 0.0000 0.0000 0.0000 0.0000 0.0000 0.0000 0.0000 0.0000 0.0000 0.0000 0.0000 0.0143 0.4126 0.0000 0.0000 0.0000 0.0000 0.0000 0.0000 0.0000 0.0000 0.0000 0.0000 0.0000 0.0000 0.0000 0.0000 0.0000 0.0000 0.0000 0.0000 0.0000 0.0000 0.0000 0.0000 0.0000 0.0000 0.0000 0.0000 0.0000 0.0000
0.0000 0.0018 0.0000 0.0000 0.9406 0.0000 0.0000 1.0000 0.0035 0.9994 0.0000 0.0004 0.0000 0.0000 0.0000 0.0000 0.0000 0.0000 0.0000 0.0000 0.0000 0.0000 0.0000 0.0000 0.0000 0.0000 0.0000 0.0000 0.0000 0.0000 0.0000 0.0000 0.0000 0.0001 0.0000 0.0000 0.0000 0.0002 0.0000 0.0000 0.0000 0.0000 0.0000 0.0000 0.0000 0.0000 0.0003 0.0443 0.0000 0.0000 0.2975 0.0007 0.0000 0.0014 0.0433 0.0001 0.0000 0.0011
0.0000 0.0000 0.0000 0.0000 1.0000 0.0000 1.0000 1.0000 0.0000 0.3885 0.0000 0.0001 0.0000 0.0000 0.0000 0.0000 0.0000 0.0000 0.0000 0.0000 0.0000 0.0000 0.0000 0.0000 0.0000 0.0000 0.0000 0.0000 0.0000 0.0002 0.0000 0.0001 0.0012 0.0001 0.0012 0.0000 0.0000 0.0004 0.0000 0.0008 0.0000 0.0000 0.0000 0.0000 0.0000 0.0001 0.0002 0.0029 0.0000 0.0000 0.7044 0.1386 0.0000 0.0000 0.8966 0.0037 0.0000 0.0001
0.0000 0.0000 0.0000 0.0000 0.0000 0.0000 0.0001 0.0000 0.0000 0.0000 0.0000 0.0000 0.0000 0.0000 0.0000 0.0057 0.0196 0.0018 0.0014 0.0215 0.9595 0.0000 0.0000 0.0000 0.0000 0.0000 0.0000 0.0000 0.0000 0.0000 0.0000 0.0000 0.0000 0.0000 0.0000 0.0000 0.0000 0.0000 0.0002 0.0000 0.0000 0.0001 0.0000 0.0000 0.0002 0.0000 0.0056 0.0001 0.0000 0.0109 0.0028 0.0006 0.0000 0.0001 0.0000 0.0000 0.0000 0.0000
0.0000 0.0000 0.0000 0.0000 0.9522 0.0000 0.4847 0.5502 0.0006 0.0000 0.0000 0.0008 0.0000 0.0000 0.0000 0.0000 0.0000 0.0000 0.0000 0.0012 0.9997 0.9993 0.0000 0.0000 0.0000 0.0000 0.0000 0.0000 0.0000 0.0000 0.0000 0.0000 0.0000 0.0001 0.0001 0.0000 0.0027 0.0001 0.0077 0.0001 0.0006 0.0448 0.0003 0.0376 0.0003 0.0004 0.9630 0.8957 0.0008 0.2876 0.9747 0.1538 0.0000 0.0001 0.0002 0.0000 0.0000 0.0000
0.0000 0.0000 0.0000 0.0000 0.0000 0.0000 0.2657 0.4175 0.0032 0.0416 0.0458 0.0959 0.1307 0.0019 0.0008 0.0019 0.0063 0.0000 0.9998 0.9961 0.9919 0.9598 0.0000 0.0000 0.0000 0.0000 0.0000 0.0000 0.0000 0.0000 0.0000 0.0000 0.0319 0.0024 0.0000 0.0000 0.0011 0.0008 0.0000 0.0000 0.0001 0.0426 0.0000 0.0012 0.0063 0.0000 0.0036 0.0002 0.0000 0.0000 0.0007 0.0000 0.0000 0.0000 0.0000 0.0000 0.0000 0.0000
0.0000 0.0000 0.0000 0.0000 0.0000 0.0150 0.0309 0.0466 0.0012 0.0020 0.0144 0.0108 0.0001 0.0080 0.0004 0.0000 0.0000 0.0001 0.9087 0.9910 0.9534 0.9925 0.0143 0.0000 0.0000 0.0000 0.0000 0.0000 0.0000 0.0000 0.0000 0.0000 0.0000 0.0366 0.0000 0.0000 0.1077 0.1010 0.0021 0.0012 0.0003 0.0050 0.0008 0.0015 0.0042 0.0110 0.0790 0.0084 0.0000 0.0061 0.0119 0.0000 0.0000 0.0000 0.0000 0.0000 0.0000 0.0000
0.0000 0.0000 0.0000 0.0000 0.0000 0.0005 0.0014 0.0023 0.0000 0.0000 0.0000 0.0004 0.0545 0.0362 0.0040 0.0006 0.0141 0.0174 0.7309 0.6157 0.0013 0.0027 0.4126 0.0000 0.0002 0.0000 0.0000 0.0000 0.0000 0.0000 0.0000 0.0000 0.0000 0.0000 0.0000 0.0001 0.0000 0.0021 0.0004 0.0000 0.0000 0.0004 0.0002 0.0087 0.0001 0.0000 0.0013 0.0009 0.0000 0.0000 0.0000 0.0000 0.0000 0.0000 0.0000 0.0000 0.0000 0.0000
0.0000 0.0000 0.0000 0.0000 0.0000 0.0000 0.0000 0.0000 0.0000 0.0003 0.0001 0.0004 0.0015 0.0832 0.0098 0.0247 0.0986 0.6577 0.9993 0.9524 0.0017 0.0000 0.0000 0.0000 0.0000 0.0000 0.0000 0.0000 0.0000 0.0000 0.0000 0.0000 0.0000 0.0000 0.0000 0.0052 0.0101 0.6025 0.1842 0.0159 0.0119 0.0034 0.0032 0.0011 0.0001 0.0001 0.0060 0.3393 0.0000 0.0034 0.0000 0.0110 0.0000 0.0000 0.0000 0.0000 0.0000 0.0000
0.0000 0.0000 0.0000 0.0001 0.0000 0.0000 0.0000 0.0000 0.0000 0.0000 0.0000 0.0001 0.0000 0.0643 0.0001 0.0010 0.0125 0.6063 0.3025 0.9458 0.0013 0.0000 0.0000 0.0000 0.0001 0.0000 0.0000 0.0000 0.0000 0.0000 0.0000 0.0000 0.0000 0.0000 0.0000 0.0000 0.0374 0.0007 0.0001 0.0000 0.0000 0.0003 0.0001 0.0004 0.0000 0.0121 0.0039 0.0495 0.0004 0.0002 0.0000 0.0000 0.0000 0.0000 0.0000 0.0000 0.0000 0.0000
0.0000 0.0000 0.0000 0.0000 0.0000 0.0000 0.0000 0.0000 0.0000 0.0000 0.0000 0.0000 0.0001 0.0001 0.0000 0.0020 0.0035 0.2396 0.0001 0.0918 0.0004 0.0001 0.0000 0.0000 0.0012 0.0000 0.0000 0.0319 0.0000 0.0000 0.0000 0.0000 0.0000 0.0000 0.0000 0.0000 0.0000 0.0264 0.0032 0.0006 0.0009 0.0000 0.0000 0.0000 0.0000 0.4326 0.2193 0.2698 0.0000 0.0001 0.0000 0.0116 0.0000 0.0000 0.0000 0.0000 0.0000 0.0000
0.0000 0.0000 0.0000 0.0000 0.0000 0.0000 0.0000 0.0000 0.0000 0.0000 0.0000 0.0000 0.0000 0.0000 0.0000 0.0001 0.0005 0.0159 0.0002 0.0006 0.0000 0.0001 0.0000 0.0001 0.0001 0.0000 0.0001 0.0024 0.0366 0.0000 0.0000 0.0000 0.0000 0.0000 0.0000 0.0000 0.0000 0.0000 0.0048 0.0001 0.0000 0.0000 0.0003 0.0000 0.0000 0.0029 0.1134 0.1440 0.0009 0.0011 0.0000 0.1750 0.0000 0.0000 0.0000 0.0000 0.0000 0.0000
0.0000 0.0000 0.0004 0.0001 0.0000 0.0000 0.0000 0.0000 0.0000 0.0000 0.0000 0.0000 0.0000 0.0004 0.0000 0.0006 0.0036 0.0523 0.0002 0.0006 0.0000 0.0000 0.0000 0.0000 0.0012 0.0000 0.0001 0.0000 0.0000 0.0000 0.0000 0.0000 0.0000 0.0000 0.0000 0.0000 0.0000 0.0000 0.0000 0.0003 0.0004 0.0000 0.0006 0.0000 0.0000 0.0006 0.0329 0.0735 0.0123 0.0042 0.0000 0.0011 0.0000 0.0000 0.0000 0.0000 0.0000 0.0000
0.0000 0.0000 0.0000 0.0000 0.0000 0.0000 0.0000 0.0000 0.0000 0.0000 0.0000 0.0000 0.0000 0.0001 0.0000 0.0006 0.0007 0.0129 0.0001 0.0001 0.0000 0.0004 0.0000 0.0000 0.0000 0.0000 0.0000 0.0000 0.0000 0.0001 0.0052 0.0000 0.0000 0.0000 0.0000 0.0000 0.0000 0.0000 0.0000 0.0000 0.0058 0.0000 0.0000 0.0000 0.0414 0.6992 0.2353 0.6774 0.0021 0.0000 0.0000 0.0000 0.0000 0.0000 0.0000 0.0000 0.0000 0.0000
0.0000 0.0000 0.0000 0.0000 0.0000 0.0000 0.0000 0.0000 0.0000 0.0000 0.0000 0.0000 0.0000 0.0001 0.0000 0.0001 0.0000 0.0000 0.0000 0.0000 0.0000 0.0000 0.0000 0.0000 0.0000 0.0000 0.0027 0.0011 0.1077 0.0000 0.0101 0.0374 0.0000 0.0000 0.0000 0.0000 0.0000 0.0000 0.0000 0.0000 0.0000 0.0048 0.0000 0.0002 0.7699 0.3131 0.0789 0.6956 0.7350 0.0017 0.0000 0.1328 0.0000 0.0000 0.0000 0.0000 0.0000 0.0000
0.0000 0.0001 0.0000 0.0000 0.0000 0.0000 0.0000 0.0000 0.0000 0.0000 0.0000 0.0000 0.0000 0.0032 0.0000 0.0004 0.0002 0.1091 0.0003 0.0002 0.0000 0.0000 0.0000 0.0002 0.0004 0.0000 0.0001 0.0008 0.1010 0.0021 0.6025 0.0007 0.0264 0.0000 0.0000 0.0000 0.0000 0.0000 0.0000 0.0000 0.0000 0.0000 0.0003 0.0078 0.9661 0.5293 0.0880 0.7686 0.2199 0.0166 0.0001 0.0359 0.0000 0.0000 0.0000 0.0000 0.0000 0.0000
0.0000 0.0000 0.0000 0.0000 0.0000 0.0004 0.0000 0.0000 0.0000 0.0000 0.0000 0.0000 0.0226 0.0105 0.0001 0.0002 0.0000 0.0001 0.0000 0.0000 0.0000 0.0000 0.0000 0.0000 0.0000 0.0002 0.0077 0.0000 0.0021 0.0004 0.1842 0.0001 0.0032 0.0048 0.0000 0.0000 0.0000 0.0000 0.0000 0.0000 0.0000 0.0000 0.0000 0.0001 0.9853 0.4044 0.0067 0.2300 0.0038 0.0452 0.3027 0.0000 0.0000 0.0000 0.0000 0.0000 0.0000 0.0000
0.0000 0.0000 0.0000 0.0000 0.0000 0.0000 0.0000 0.0000 0.0000 0.0001 0.0000 0.0000 0.0000 0.0001 0.0002 0.0006 0.0000 0.0002 0.0000 0.0000 0.0000 0.0000 0.0000 0.0000 0.0008 0.0000 0.0001 0.0000 0.0012 0.0000 0.0159 0.0000 0.0006 0.0001 0.0003 0.0000 0.0000 0.0000 0.0000 0.0000 0.0000 0.0000 0.0000 0.0000 0.6763 0.0913 0.0026 0.0026 0.0001 0.0997 0.0188 0.0000 0.0000 0.0000 0.0000 0.0000 0.0000 0.0000
0.0000 0.0004 0.0000 0.0000 0.0000 0.0000 0.0014 0.0001 0.0000 0.0000 0.0000 0.0004 0.0000 0.0001 0.0000 0.0001 0.0000 0.0000 0.0000 0.0000 0.0000 0.0000 0.0000 0.0000 0.0000 0.0000 0.0006 0.0001 0.0003 0.0000 0.0119 0.0000 0.0009 0.0000 0.0004 0.0058 0.0000 0.0000 0.0000 0.0000 0.0000 0.0000 0.0000 0.0000 0.0000 0.8056 0.0902 0.0128 0.0004 0.0002 0.0000 0.0000 0.0000 0.0000 0.0000 0.0000 0.0000 0.0000
0.0000 0.0000 0.0000 0.0001 0.0000 0.0008 0.0072 0.0003 0.0001 0.0003 0.0000 0.0000 0.0005 0.0005 0.0000 0.0000 0.0000 0.0000 0.0000 0.0000 0.0001 0.0000 0.0000 0.0000 0.0000 0.0001 0.0448 0.0426 0.0050 0.0004 0.0034 0.0003 0.0000 0.0000 0.0000 0.0000 0.0048 0.0000 0.0000 0.0000 0.0000 0.0000 0.0000 0.0000 0.0000 0.0000 0.0003 0.0000 0.0000 0.0000 0.0004 0.0000 0.0000 0.0000 0.0000 0.0000 0.0000 0.0000
0.0001 0.0002 0.0000 0.0000 0.0000 0.0220 0.0493 0.0060 0.0001 0.0001 0.0000 0.0000 0.0000 0.0001 0.0000 0.0000 0.0000 0.0000 0.0000 0.0000 0.0000 0.0000 0.0000 0.0000 0.0000 0.0000 0.0003 0.0000 0.0008 0.0002 0.0032 0.0001 0.0000 0.0003 0.0006 0.0000 0.0000 0.0003 0.0000 0.0000 0.0000 0.0000 0.0000 0.0000 0.0000 0.0000 0.0000 0.0073 0.0000 0.0000 0.0064 0.0006 0.0000 0.0000 0.0000 0.0000 0.0000 0.0000
0.0004 0.0001 0.0000 0.0000 0.0000 0.0000 0.0065 0.0059 0.0000 0.0005 0.0000 0.0000 0.0000 0.0000 0.0000 0.0000 0.0000 0.0000 0.0000 0.0000 0.0000 0.0000 0.0000 0.0000 0.0000 0.0000 0.0376 0.0012 0.0015 0.0087 0.0011 0.0004 0.0000 0.0000 0.0000 0.0000 0.0002 0.0078 0.0001 0.0000 0.0000 0.0000 0.0000 0.0000 0.0000 0.0000 0.0000 0.0000 0.0000 0.0000 0.0000 0.0000 0.0000 0.0000 0.0000 0.0000 0.0000 0.0000
0.0000 0.0000 0.0000 0.0000 0.0000 0.0000 0.0000 0.0000 0.0000 0.0000 0.0000 0.0002 0.0000 0.0000 0.0000 0.0000 0.0000 0.0000 0.0000 0.0000 0.0000 0.0000 0.0000 0.0000 0.0000 0.0002 0.0003 0.0063 0.0042 0.0001 0.0001 0.0000 0.0000 0.0000 0.0000 0.0414 0.7699 0.9661 0.9853 0.6763 0.0000 0.0000 0.0000 0.0000 0.0000 0.0000 0.0000 0.0000 0.0000 0.0000 0.0000 0.0000 0.0000 0.0000 0.0000 0.0000 0.0000 0.0000
0.0009 0.0000 0.0000 0.0000 0.0000 0.0000 0.0069 0.0002 0.0000 0.0003 0.0000 0.0000 0.0000 0.0000 0.0000 0.0000 0.0000 0.0000 0.0000 0.0000 0.0000 0.0000 0.0000 0.0000 0.0001 0.0000 0.0004 0.0000 0.0110 0.0000 0.0001 0.0121 0.4326 0.0029 0.0006 0.6992 0.3131 0.5293 0.4044 0.0913 0.8056 0.0000 0.0000 0.0000 0.0000 0.0000 0.0000 0.0000 0.0000 0.0000 0.9993 0.0000 0.0000 0.9187 0.0003 0.0000 0.0000 0.0000
0.0000 0.0000 0.0000 0.0000 0.0000 0.0000 0.0007 0.0024 0.0001 0.0000 0.0000 0.0000 0.0001 0.0000 0.0000 0.0000 0.0000 0.0000 0.0000 0.0000 0.0000 0.0000 0.0000 0.0003 0.0002 0.0056 0.9630 0.0036 0.0790 0.0013 0.0060 0.0039 0.2193 0.1134 0.0329 0.2353 0.0789 0.0880 0.0067 0.0026 0.0902 0.0003 0.0000 0.0000 0.0000 0.0000 0.0000 0.0000 0.0000 0.0000 0.0000 0.0000 0.0000 0.0000 0.0000 0.0000 0.0000 0.0000
0.0000 0.0000 0.0000 0.0000 0.0001 0.0000 0.0055 0.0072 0.0183 0.0033 0.0001 0.0000 0.0051 0.0005 0.0000 0.0000 0.0001 0.0012 0.0000 0.0000 0.0000 0.0000 0.0000 0.0443 0.0029 0.0001 0.8957 0.0002 0.0084 0.0009 0.3393 0.0495 0.2698 0.1440 0.0735 0.6774 0.6956 0.7686 0.2300 0.0026 0.0128 0.0000 0.0073 0.0000 0.0000 0.0000 0.0000 0.0000 0.0000 0.0000 0.0000 0.0000 0.0000 0.0000 0.0000 0.0000 0.0000 0.0000
0.0000 0.0000 0.0000 0.0000 0.0000 0.0000 0.0000 0.0000 0.0000 0.0000 0.0000 0.0000 0.0000 0.0000 0.0000 0.0000 0.0000 0.0000 0.0000 0.0000 0.0000 0.0000 0.0000 0.0000 0.0000 0.0000 0.0008 0.0000 0.0000 0.0000 0.0000 0.0004 0.0000 0.0009 0.0123 0.0021 0.7350 0.2199 0.0038 0.0001 0.0004 0.0000 0.0000 0.0000 0.0000 0.0000 0.0000 0.0000 0.0000 0.0000 0.0000 0.0000 0.0000 0.0000 0.0000 0.0000 0.0001 0.0000
0.0000 0.0000 0.0000 0.0000 0.0000 0.0000 0.0136 0.0001 0.0000 0.0009 0.0000 0.0000 0.0000 0.0000 0.0000 0.0000 0.0000 0.0000 0.0000 0.0000 0.0000 0.0000 0.0000 0.0000 0.0000 0.0109 0.2876 0.0000 0.0061 0.0000 0.0034 0.0002 0.0001 0.0011 0.0042 0.0000 0.0017 0.0166 0.0452 0.0997 0.0002 0.0000 0.0000 0.0000 0.0000 0.0000 0.0000 0.0000 0.0000 0.0000 0.0000 0.0000 0.0000 0.0000 0.0001 0.0000 0.0001 0.0000
0.0000 0.0000 0.0000 0.0000 0.0006 0.0003 0.2873 0.3484 0.0001 0.0251 0.0005 0.0000 0.0000 0.0000 0.0000 0.0000 0.0000 0.0000 0.0000 0.0000 0.0000 0.0000 0.0000 0.2975 0.7044 0.0028 0.9747 0.0007 0.0119 0.0000 0.0000 0.0000 0.0000 0.0000 0.0000 0.0000 0.0000 0.0001 0.3027 0.0188 0.0000 0.0004 0.0064 0.0000 0.0000 0.9993 0.0000 0.0000 0.0000 0.0000 0.0000 0.0000 0.0000 0.0000 0.0000 0.0000 0.0000 0.0000
0.0000 0.0000 0.0000 0.0000 0.0000 0.0000 0.0222 0.0017 0.0003 0.0000 0.0000 0.0000 0.0002 0.0000 0.0000 0.0000 0.0000 0.0000 0.0000 0.0003 0.0032 0.0001 0.0000 0.0007 0.1386 0.0006 0.1538 0.0000 0.0000 0.0000 0.0110 0.0000 0.0116 0.1750 0.0011 0.0000 0.1328 0.0359 0.0000 0.0000 0.0000 0.0000 0.0006 0.0000 0.0000 0.0000 0.0000 0.0000 0.0000 0.0000 0.0000 0.0000 0.0000 0.0000 0.0000 0.0000 0.0000 0.0000
0.0000 0.0000 0.0000 0.0000 0.0000 0.0000 0.0001 0.0002 0.0000 0.0000 0.0000 0.0000 0.0000 0.0000 0.0000 0.0000 0.0000 0.0000 0.0000 0.0000 0.0000 0.0001 0.0000 0.0000 0.0000 0.0000 0.0000 0.0000 0.0000 0.0000 0.0000 0.0000 0.0000 0.0000 0.0000 0.0000 0.0000 0.0000 0.0000 0.0000 0.0000 0.0000 0.0000 0.0000 0.0000 0.0000 0.0000 0.0000 0.0000 0.0000 0.0000 0.0000 0.0000 0.0000 0.0000 0.0000 0.0000 0.0000
0.0000 0.0000 0.0000 0.0000 0.0000 0.0001 0.1944 0.0005 0.0253 0.0003 0.0000 0.0000 0.0000 0.0000 0.0000 0.0000 0.0000 0.0000 0.0000 0.0000 0.0000 0.0000 0.0000 0.0014 0.0000 0.0001 0.0001 0.0000 0.0000 0.0000 0.0000 0.0000 0.0000 0.0000 0.0000 0.0000 0.0000 0.0000 0.0000 0.0000 0.0000 0.0000 0.0000 0.0000 0.0000 0.9187 0.0000 0.0000 0.0000 0.0000 0.0000 0.0000 0.0000 0.0000 0.0000 0.0000 0.0000 0.0000
0.0000 0.0000 0.0000 0.0000 0.0000 0.0000 0.1024 0.0941 0.0020 0.0257 0.0003 0.0000 0.0000 0.0000 0.0000 0.0000 0.0000 0.0000 0.0000 0.0000 0.0026 0.0109 0.0000 0.0433 0.8966 0.0000 0.0002 0.0000 0.0000 0.0000 0.0000 0.0000 0.0000 0.0000 0.0000 0.0000 0.0000 0.0000 0.0000 0.0000 0.0000 0.0000 0.0000 0.0000 0.0000 0.0003 0.0000 0.0000 0.0000 0.0001 0.0000 0.0000 0.0000 0.0000 0.0000 0.0000 0.0000 0.0000
0.0000 0.0000 0.0000 0.0000 0.0000 0.0000 0.0000 0.0000 0.0000 0.0002 0.0000 0.0000 0.0000 0.0000 0.0000 0.0000 0.0000 0.0000 0.0000 0.0000 0.0000 0.0000 0.0000 0.0001 0.0037 0.0000 0.0000 0.0000 0.0000 0.0000 0.0000 0.0000 0.0000 0.0000 0.0000 0.0000 0.0000 0.0000 0.0000 0.0000 0.0000 0.0000 0.0000 0.0000 0.0000 0.0000 0.0000 0.0000 0.0000 0.0000 0.0000 0.0000 0.0000 0.0000 0.0000 0.0000 0.0000 0.0000
0.0000 0.0000 0.0000 0.0000 0.0000 0.0000 0.0000 0.0002 0.0000 0.0000 0.0000 0.0000 0.0000 0.0000 0.0000 0.0000 0.0000 0.0000 0.0000 0.0000 0.0000 0.0000 0.0000 0.0000 0.0000 0.0000 0.0000 0.0000 0.0000 0.0000 0.0000 0.0000 0.0000 0.0000 0.0000 0.0000 0.0000 0.0000 0.0000 0.0000 0.0000 0.0000 0.0000 0.0000 0.0000 0.0000 0.0000 0.0000 0.0001 0.0001 0.0000 0.0000 0.0000 0.0000 0.0000 0.0000 0.0000 0.0000
0.0012 0.0000 0.0000 0.0000 0.0000 0.0000 0.0001 0.0000 0.0000 0.0000 0.0000 0.0000 0.0000 0.0000 0.0000 0.0000 0.0000 0.0000 0.0000 0.0000 0.0000 0.0019 0.0000 0.0011 0.0001 0.0000 0.0000 0.0000 0.0000 0.0000 0.0000 0.0000 0.0000 0.0000 0.0000 0.0000 0.0000 0.0000 0.0000 0.0000 0.0000 0.0000 0.0000 0.0000 0.0000 0.0000 0.0000 0.0000 0.0000 0.0000 0.0000 0.0000 0.0000 0.0000 0.0000 0.0000 0.0000 0.0000
