0.0000 0.0000 0.0000 0.0000 0.0000 0.3717 0.0117 0.0061 0.1006 0.0091 0.0006 0.0001 0.0001 0.0001 0.0000 0.0000 0.0001 0.0002 0.0001 0.0003 0.0001 0.0002 0.0001 0.0002 0.0002 0.0030 0.0010 0.0246 0.0037 0.0150 0.0056 0.0105 0.0064 0.0031 0.0123 0.0015 0.0023 0.0008 0.0002 0.0003 0.0002 0.0001 0.0000 0.0001 0.0001 0.0001 0.0001 0.0001 0.0004 0.0001 0.0007 0.0014 0.0023 0.0005 0.0187 0.0992 0.0160 0.0458 0.2048 0.1502 0.1429 0.1863 0.0854 0.3654 0.0267 0.1066 0.0149 0.0771 0.0086 0.0147 0.0110 0.0056 0.0070 0.0035 0.0062 0.0024 0.0036 0.0023 0.0023 0.0034
0.0000 0.0000 0.0000 0.0000 0.0000 0.0000 0.0142 0.0012 0.0012 0.0022 0.0001 0.0000 0.0000 0.0000 0.0000 0.0000 0.0000 0.0000 0.0000 0.0000 0.0000 0.0000 0.0000 0.0000 0.0000 0.0001 0.0001 0.0008 0.0003 0.0012 0.0003 0.0005 0.0003 0.0001 0.0004 0.0001 0.0001 0.0001 0.0000 0.0000 0.0000 0.0000 0.0000 0.0000 0.0000 0.0000 0.0000 0.0000 0.0000 0.0000 0.0001 0.0000 0.0001 0.0001 0.0014 0.0018 0.0007 0.0018 0.0066 0.0043 0.0041 0.0050 0.0011 0.0038 0.0005 0.0017 0.0008 0.0041 0.0013 0.0045 0.0045 0.0018 0.0021 0.0008 0.0026 0.0007 0.0011 0.0006 0.0010 0.0016
0.0000 0.0000 0.0000 0.0000 0.0000 0.0000 0.0000 0.0034 0.0005 0.0002 0.0001 0.0000 0.0000 0.0000 0.0000 0.0000 0.0000 0.0000 0.0000 0.0000 0.0000 0.0000 0.0000 0.0000 0.0000 0.0001 0.0001 0.0008 0.0002 0.0006 0.0002 0.0004 0.0001 0.0000 0.0003 0.0000 0.0001 0.0001 0.0000 0.0000 0.0000 0.0000 0.0000 0.0000 0.0000 0.0000 0.0000 0.0000 0.0001 0.0000 0.0004 0.0008 0.0004 0.0001 0.0198 0.0105 0.0012 0.0053 0.0252 0.0077 0.0082 0.0056 0.0007 0.0040 0.0002 0.0010 0.0004 0.0021 0.0007 0.0019 0.0019 0.0008 0.0010 0.0004 0.0015 0.0005 0.0011 0.0006 0.0006 0.0010
0.0000 0.0000 0.0000 0.0000 0.0000 0.0000 0.0000 0.0000 0.0006 0.0001 0.0001 0.0001 0.0000 0.0000 0.0000 0.0000 0.0000 0.0000 0.0000 0.0000 0.0000 0.0001 0.0001 0.0006 0.0001 0.0257 0.0034 0.0938 0.0016 0.0061 0.0030 0.0067 0.0004 0.0005 0.0271 0.0006 0.0141 0.0008 0.0001 0.0011 0.0002 0.0001 0.0000 0.0001 0.0006 0.0000 0.0000 0.0016 0.0068 0.0000 0.0017 0.2997 0.0178 0.0002 0.2967 0.7190 0.0076 0.0102 0.1448 0.0440 0.0480 0.0557 0.0158 0.5171 0.0103 0.2790 0.0091 0.1593 0.0073 0.0087 0.0066 0.0030 0.0061 0.0019 0.0143 0.0023 0.0126 0.0012 0.0007 0.0015
0.0000 0.0000 0.0000 0.0000 0.0000 0.0000 0.0000 0.0000 0.0000 0.0002 0.0001 0.0000 0.0000 0.0000 0.0000 0.0000 0.0000 0.0000 0.0000 0.0001 0.0000 0.0006 0.0002 0.0014 0.0001 0.0174 0.0010 0.0731 0.0012 0.0034 0.0013 0.0018 0.0004 0.0003 0.0183 0.0004 0.0147 0.0013 0.0002 0.0011 0.0001 0.0001 0.0000 0.0000 0.0002 0.0000 0.0000 0.0005 0.0025 0.0000 0.0002 0.0136 0.0086 0.0001 0.0025 0.1397 0.0025 0.0006 0.0071 0.0042 0.0039 0.0054 0.0013 0.2309 0.0017 0.2737 0.0050 0.1287 0.0040 0.0053 0.0048 0.0020 0.0046 0.0011 0.0087 0.0014 0.0082 0.0012 0.0008 0.0021
0.3717 0.0000 0.0000 0.0000 0.0000 0.0000 0.0000 0.0000 0.0000 0.0000 0.0001 0.0000 0.0000 0.0000 0.0000 0.0000 0.0000 0.0000 0.0000 0.0000 0.0000 0.0001 0.0000 0.0001 0.0000 0.0001 0.0001 0.0004 0.0000 0.0001 0.0000 0.0001 0.0000 0.0000 0.0000 0.0000 0.0001 0.0000 0.0000 0.0000 0.0000 0.0000 0.0000 0.0000 0.0000 0.0000 0.0000 0.0000 0.0000 0.0000 0.0001 0.0004 0.0001 0.0000 0.0012 0.0004 0.0001 0.0000 0.0002 0.0001 0.0001 0.0001 0.0000 0.0001 0.0000 0.0004 0.0001 0.0006 0.0002 0.0004 0.0006 0.0004 0.0005 0.0003 0.0009 0.0004 0.0015 0.0009 0.0006 0.0017
0.0117 0.0142 0.0000 0.0000 0.0000 0.0000 0.0000 0.0000 0.0000 0.0000 0.0000 0.0001 0.0000 0.0000 0.0000 0.0000 0.0000 0.0000 0.0000 0.0000 0.0000 0.0003 0.0003 0.0025 0.0003 0.0443 0.0036 0.0229 0.0007 0.0010 0.0004 0.0009 0.0002 0.0001 0.0050 0.0002 0.0054 0.0007 0.0003 0.0012 0.0001 0.0001 0.0001 0.0003 0.0003 0.0001 0.0003 0.0158 0.0015 0.0001 0.0358 0.4596 0.0023 0.0007 0.3936 0.2022 0.0009 0.0027 0.0351 0.0069 0.0080 0.0086 0.0010 0.0533 0.0014 0.0599 0.0021 0.0337 0.0042 0.0075 0.0103 0.0060 0.0108 0.0028 0.0245 0.0034 0.0152 0.0024 0.0010 0.0023
0.0061 0.0012 0.0034 0.0000 0.0000 0.0000 0.0000 0.0000 0.0000 0.0000 0.0000 0.0000 0.0000 0.0000 0.0000 0.0000 0.0000 0.0000 0.0000 0.0000 0.0000 0.0059 0.0079 0.1689 0.0036 0.5106 0.0142 0.1065 0.0005 0.0011 0.0008 0.0013 0.0001 0.0002 0.0342 0.0005 0.1191 0.0026 0.0005 0.0129 0.0007 0.0002 0.0001 0.0014 0.0293 0.0003 0.0004 0.2075 0.2439 0.0005 0.0187 0.8593 0.1857 0.0003 0.0965 0.6518 0.0015 0.0003 0.0055 0.0030 0.0021 0.0051 0.0007 0.3584 0.0046 0.7292 0.0079 0.3846 0.0075 0.0191 0.0143 0.0062 0.0116 0.0018 0.0325 0.0033 0.0289 0.0015 0.0008 0.0021
0.1006 0.0012 0.0005 0.0006 0.0000 0.0000 0.0000 0.0000 0.0000 0.0000 0.0000 0.0000 0.0000 0.0001 0.0000 0.0000 0.0001 0.0000 0.0000 0.0001 0.0000 0.0004 0.0005 0.0052 0.0004 0.0115 0.0008 0.0036 0.0001 0.0001 0.0001 0.0002 0.0000 0.0000 0.0012 0.0001 0.0061 0.0006 0.0001 0.0003 0.0001 0.0001 0.0000 0.0001 0.0009 0.0002 0.0000 0.0023 0.0114 0.0002 0.0002 0.0082 0.0039 0.0000 0.0003 0.0013 0.0001 0.0000 0.0000 0.0000 0.0000 0.0001 0.0000 0.0031 0.0003 0.0910 0.0012 0.0329 0.0020 0.0051 0.0023 0.0013 0.0013 0.0005 0.0037 0.0011 0.0081 0.0013 0.0010 0.0019
0.0091 0.0022 0.0002 0.0001 0.0002 0.0000 0.0000 0.0000 0.0000 0.0000 0.0000 0.0000 0.0000 0.0000 0.0003 0.0000 0.0000 0.0000 0.0000 0.0000 0.0000 0.0002 0.0001 0.0001 0.0000 0.0002 0.0000 0.0000 0.0000 0.0000 0.0000 0.0000 0.0000 0.0000 0.0000 0.0000 0.0001 0.0000 0.0000 0.0000 0.0000 0.0000 0.0000 0.0000 0.0000 0.0000 0.0000 0.0006 0.0001 0.0000 0.0009 0.0024 0.0001 0.0000 0.0016 0.0005 0.0000 0.0000 0.0001 0.0000 0.0000 0.0000 0.0000 0.0002 0.0000 0.0011 0.0000 0.0014 0.0003 0.0007 0.0006 0.0004 0.0005 0.0003 0.0013 0.0004 0.0020 0.0007 0.0004 0.0008
0.0006 0.0001 0.0001 0.0001 0.0001 0.0001 0.0000 0.0000 0.0000 0.0000 0.0000 0.0000 0.0000 0.0000 0.0000 0.0017 0.0002 0.0003 0.0001 0.0009 0.0005 0.1652 0.0524 0.1417 0.0026 0.1636 0.0015 0.0068 0.0000 0.0002 0.0002 0.0004 0.0001 0.0001 0.0098 0.0001 0.0623 0.0014 0.0004 0.0387 0.0017 0.0002 0.0001 0.0224 0.0378 0.0004 0.0049 0.7111 0.0684 0.0003 0.1994 0.6527 0.0024 0.0001 0.1121 0.0559 0.0001 0.0001 0.0016 0.0003 0.0003 0.0007 0.0001 0.0784 0.0006 0.3413 0.0011 0.3036 0.0127 0.0381 0.0152 0.0071 0.0152 0.0033 0.0466 0.0033 0.0189 0.0011 0.0005 0.0010
0.0001 0.0000 0.0000 0.0001 0.0000 0.0000 0.0001 0.0000 0.0000 0.0000 0.0000 0.0000 0.0000 0.0000 0.0000 0.0000 0.0030 0.0020 0.0011 0.0075 0.0036 0.3145 0.3117 0.3929 0.0057 0.1257 0.0025 0.0035 0.0000 0.0001 0.0000 0.0001 0.0000 0.0001 0.0206 0.0006 0.3739 0.0075 0.0020 0.0526 0.0117 0.0053 0.0002 0.0168 0.5625 0.0083 0.0012 0.4122 0.4365 0.0005 0.0025 0.2184 0.0118 0.0000 0.0006 0.0087 0.0001 0.0000 0.0001 0.0000 0.0000 0.0001 0.0000 0.0275 0.0009 0.5626 0.0078 0.6134 0.0322 0.0957 0.0233 0.0098 0.0217 0.0079 0.0679 0.0081 0.0220 0.0022 0.0013 0.0020
0.0001 0.0000 0.0000 0.0000 0.0000 0.0000 0.0000 0.0000 0.0000 0.0000 0.0000 0.0000 0.0000 0.0000 0.0000 0.0000 0.0000 0.0025 0.0004 0.0003 0.0001 0.0005 0.0004 0.0005 0.0000 0.0001 0.0000 0.0000 0.0000 0.0000 0.0000 0.0000 0.0000 0.0000 0.0001 0.0000 0.0020 0.0002 0.0001 0.0002 0.0003 0.0001 0.0000 0.0002 0.0019 0.0001 0.0000 0.0011 0.0003 0.0000 0.0000 0.0001 0.0000 0.0000 0.0000 0.0000 0.0000 0.0000 0.0000 0.0000 0.0000 0.0000 0.0000 0.0002 0.0000 0.0065 0.0002 0.0214 0.0013 0.0071 0.0024 0.0018 0.0021 0.0014 0.0062 0.0019 0.0044 0.0011 0.0008 0.0013
0.0001 0.0000 0.0000 0.0000 0.0000 0.0000 0.0000 0.0000 0.0001 0.0000 0.0000 0.0000 0.0000 0.0000 0.0000 0.0000 0.0000 0.0000 0.0162 0.0396 0.0027 0.0198 0.0034 0.0008 0.0001 0.0003 0.0000 0.0000 0.0000 0.0000 0.0000 0.0000 0.0000 0.0000 0.0001 0.0000 0.0023 0.0002 0.0005 0.0019 0.0015 0.0002 0.0000 0.0174 0.0035 0.0001 0.0025 0.1288 0.0006 0.0000 0.0019 0.0013 0.0001 0.0000 0.0005 0.0001 0.0000 0.0000 0.0000 0.0000 0.0000 0.0000 0.0000 0.0003 0.0000 0.0084 0.0002 0.0310 0.0021 0.0141 0.0069 0.0057 0.0070 0.0051 0.0164 0.0034 0.0048 0.0009 0.0006 0.0010
0.0000 0.0000 0.0000 0.0000 0.0000 0.0000 0.0000 0.0000 0.0000 0.0003 0.0000 0.0000 0.0000 0.0000 0.0000 0.0000 0.0000 0.0000 0.0000 0.8704 0.2720 0.8187 0.3909 0.0698 0.0010 0.0224 0.0001 0.0001 0.0000 0.0000 0.0000 0.0000 0.0000 0.0000 0.0019 0.0000 0.2144 0.0034 0.0213 0.2617 0.3086 0.0144 0.0009 0.6150 0.8333 0.0027 0.0191 0.7681 0.0617 0.0000 0.0032 0.0192 0.0002 0.0000 0.0003 0.0005 0.0000 0.0000 0.0000 0.0000 0.0000 0.0000 0.0000 0.0073 0.0001 0.4176 0.0020 0.7011 0.0339 0.1900 0.0520 0.0400 0.0577 0.0385 0.1042 0.0154 0.0228 0.0011 0.0009 0.0012
0.0000 0.0000 0.0000 0.0000 0.0000 0.0000 0.0000 0.0000 0.0000 0.0000 0.0017 0.0000 0.0000 0.0000 0.0000 0.0000 0.0000 0.0000 0.0000 0.0000 0.1625 0.2792 0.1025 0.0150 0.0004 0.0009 0.0000 0.0000 0.0000 0.0000 0.0000 0.0000 0.0000 0.0000 0.0003 0.0000 0.0819 0.0024 0.0240 0.0456 0.1478 0.0404 0.0004 0.0585 0.5961 0.0031 0.0005 0.0224 0.0080 0.0000 0.0001 0.0003 0.0000 0.0000 0.0000 0.0001 0.0000 0.0000 0.0000 0.0000 0.0000 0.0000 0.0000 0.0005 0.0001 0.0847 0.0013 0.4439 0.0161 0.1259 0.0532 0.0468 0.0634 0.0555 0.0955 0.0188 0.0192 0.0023 0.0020 0.0026
0.0001 0.0000 0.0000 0.0000 0.0000 0.0000 0.0000 0.0000 0.0001 0.0000 0.0002 0.0030 0.0000 0.0000 0.0000 0.0000 0.0000 0.0000 0.0000 0.0000 0.0000 0.0070 0.0010 0.0000 0.0000 0.0000 0.0000 0.0000 0.0000 0.0000 0.0000 0.0000 0.0000 0.0000 0.0000 0.0000 0.0049 0.0005 0.0092 0.0034 0.0171 0.0040 0.0001 0.0033 0.0028 0.0001 0.0001 0.0004 0.0000 0.0000 0.0000 0.0000 0.0000 0.0000 0.0000 0.0000 0.0000 0.0000 0.0000 0.0000 0.0000 0.0000 0.0000 0.0001 0.0000 0.0055 0.0001 0.0321 0.0020 0.0283 0.0180 0.0193 0.0220 0.0221 0.0264 0.0084 0.0068 0.0018 0.0017 0.0024
0.0002 0.0000 0.0000 0.0000 0.0000 0.0000 0.0000 0.0000 0.0000 0.0000 0.0003 0.0020 0.0025 0.0000 0.0000 0.0000 0.0000 0.0000 0.0000 0.0000 0.0000 0.0000 0.0124 0.0001 0.0000 0.0000 0.0000 0.0000 0.0000 0.0000 0.0000 0.0000 0.0000 0.0000 0.0001 0.0000 0.0209 0.0009 0.0559 0.0532 0.1708 0.0135 0.0011 0.1936 0.0164 0.0002 0.0008 0.0085 0.0001 0.0000 0.0001 0.0001 0.0000 0.0000 0.0000 0.0000 0.0000 0.0000 0.0000 0.0000 0.0000 0.0001 0.0000 0.0002 0.0001 0.0085 0.0003 0.1075 0.0075 0.1109 0.0809 0.0647 0.0493 0.0458 0.0566 0.0141 0.0127 0.0021 0.0019 0.0020
0.0001 0.0000 0.0000 0.0000 0.0000 0.0000 0.0000 0.0000 0.0000 0.0000 0.0001 0.0011 0.0004 0.0162 0.0000 0.0000 0.0000 0.0000 0.0000 0.0000 0.0000 0.0000 0.0000 0.0012 0.0000 0.0000 0.0000 0.0000 0.0000 0.0000 0.0000 0.0000 0.0000 0.0000 0.0001 0.0001 0.0370 0.0046 0.2580 0.4100 0.6456 0.1938 0.0079 0.4390 0.3905 0.0006 0.0007 0.0413 0.0024 0.0000 0.0002 0.0004 0.0001 0.0000 0.0001 0.0001 0.0000 0.0000 0.0000 0.0000 0.0001 0.0001 0.0000 0.0003 0.0001 0.0058 0.0005 0.0490 0.0116 0.1804 0.1663 0.1030 0.0741 0.0664 0.0998 0.0236 0.0198 0.0025 0.0017 0.0020
0.0003 0.0000 0.0000 0.0000 0.0001 0.0000 0.0000 0.0000 0.0001 0.0000 0.0009 0.0075 0.0003 0.0396 0.8704 0.0000 0.0000 0.0000 0.0000 0.0000 0.0000 0.0000 0.0000 0.0000 0.0001 0.0000 0.0000 0.0000 0.0000 0.0000 0.0000 0.0000 0.0000 0.0000 0.0002 0.0001 0.0138 0.0026 0.7545 0.8251 0.4900 0.0901 0.0020 0.0512 0.1178 0.0004 0.0002 0.0062 0.0007 0.0000 0.0001 0.0004 0.0001 0.0000 0.0001 0.0002 0.0000 0.0000 0.0000 0.0000 0.0001 0.0001 0.0000 0.0005 0.0002 0.0114 0.0012 0.2466 0.1334 0.6711 0.5252 0.2182 0.1475 0.1306 0.2093 0.0401 0.0270 0.0036 0.0026 0.0028
0.0001 0.0000 0.0000 0.0000 0.0000 0.0000 0.0000 0.0000 0.0000 0.0000 0.0005 0.0036 0.0001 0.0027 0.2720 0.1625 0.0000 0.0000 0.0000 0.0000 0.0000 0.0000 0.0000 0.0000 0.0000 0.0001 0.0000 0.0000 0.0000 0.0000 0.0000 0.0000 0.0000 0.0000 0.0005 0.0006 0.0265 0.0353 0.9237 0.8875 0.2103 0.0414 0.0011 0.0248 0.0110 0.0001 0.0001 0.0013 0.0002 0.0000 0.0001 0.0002 0.0001 0.0000 0.0001 0.0001 0.0000 0.0000 0.0000 0.0000 0.0001 0.0001 0.0001 0.0008 0.0005 0.0077 0.0034 0.1242 0.1608 0.7153 0.4746 0.0906 0.0613 0.0575 0.0814 0.0202 0.0119 0.0033 0.0021 0.0027
0.0002 0.0000 0.0000 0.0001 0.0006 0.0001 0.0003 0.0059 0.0004 0.0002 0.1652 0.3145 0.0005 0.0198 0.8187 0.2792 0.0070 0.0000 0.0000 0.0000 0.0000 0.0000 0.0000 0.0000 0.0000 0.0000 0.0001 0.0000 0.0000 0.0000 0.0000 0.0000 0.0000 0.0001 0.0012 0.0040 0.9945 0.9944 0.9942 0.8280 0.0188 0.0017 0.0006 0.0617 0.1884 0.0004 0.0008 0.0682 0.0054 0.0000 0.0006 0.0039 0.0003 0.0000 0.0003 0.0013 0.0000 0.0000 0.0001 0.0000 0.0001 0.0001 0.0001 0.0042 0.0015 0.0927 0.0289 0.9374 0.8972 0.7934 0.2158 0.0211 0.0252 0.0352 0.0654 0.0108 0.0159 0.0020 0.0017 0.0019
0.0001 0.0000 0.0000 0.0001 0.0002 0.0000 0.0003 0.0079 0.0005 0.0001 0.0524 0.3117 0.0004 0.0034 0.3909 0.1025 0.0010 0.0124 0.0000 0.0000 0.0000 0.0000 0.0000 0.0000 0.0000 0.0000 0.0000 0.0003 0.0000 0.0000 0.0000 0.0001 0.0000 0.0007 0.0082 0.1951 0.9937 0.9959 0.5165 0.8908 0.0361 0.0058 0.0012 0.0746 0.2391 0.0004 0.0001 0.0113 0.0041 0.0000 0.0001 0.0020 0.0006 0.0000 0.0002 0.0006 0.0000 0.0000 0.0000 0.0000 0.0001 0.0001 0.0003 0.0045 0.0044 0.0434 0.1021 0.9407 0.9475 0.5394 0.3349 0.0594 0.1250 0.1340 0.1148 0.0183 0.0253 0.0030 0.0014 0.0019
0.0002 0.0000 0.0000 0.0006 0.0014 0.0001 0.0025 0.1689 0.0052 0.0001 0.1417 0.3929 0.0005 0.0008 0.0698 0.0150 0.0000 0.0001 0.0012 0.0000 0.0000 0.0000 0.0000 0.0000 0.0000 0.0000 0.0000 0.0000 0.0012 0.0007 0.0013 0.0055 0.0022 0.0107 0.9929 0.9959 0.9987 0.6425 0.0013 0.0018 0.0004 0.0001 0.0001 0.0015 0.0608 0.0010 0.0001 0.0362 0.0167 0.0000 0.0005 0.0406 0.0088 0.0001 0.0032 0.0470 0.0011 0.0014 0.0018 0.0006 0.0009 0.0012 0.0015 0.0574 0.0253 0.9444 0.9369 0.9516 0.6337 0.0257 0.0065 0.0075 0.0188 0.0189 0.0240 0.0054 0.0187 0.0031 0.0020 0.0019
0.0002 0.0000 0.0000 0.0001 0.0001 0.0000 0.0003 0.0036 0.0004 0.0000 0.0026 0.0057 0.0000 0.0001 0.0010 0.0004 0.0000 0.0000 0.0000 0.0001 0.0000 0.0000 0.0000 0.0000 0.0000 0.0000 0.0000 0.0000 0.0000 0.0011 0.0010 0.0053 0.0114 0.2379 0.9947 0.9919 0.5175 0.7468 0.0007 0.0036 0.0007 0.0004 0.0001 0.0007 0.0020 0.0003 0.0000 0.0005 0.0003 0.0000 0.0000 0.0004 0.0006 0.0000 0.0003 0.0009 0.0001 0.0001 0.0001 0.0001 0.0003 0.0006 0.0018 0.0248 0.1454 0.8872 0.9287 0.5146 0.6103 0.0115 0.0090 0.0152 0.0439 0.0386 0.0265 0.0071 0.0110 0.0046 0.0018 0.0027
0.0030 0.0001 0.0001 0.0257 0.0174 0.0001 0.0443 0.5106 0.0115 0.0002 0.1636 0.1257 0.0001 0.0003 0.0224 0.0009 0.0000 0.0000 0.0000 0.0000 0.0001 0.0000 0.0000 0.0000 0.0000 0.0000 0.0000 0.0000 0.0000 0.0000 0.0751 0.2569 0.7485 0.9689 0.9964 0.5080 0.0031 0.0005 0.0002 0.0008 0.0000 0.0000 0.0000 0.0000 0.0031 0.0005 0.0000 0.0074 0.0095 0.0000 0.0004 0.0260 0.0106 0.0002 0.0075 0.1464 0.0058 0.0218 0.0287 0.0231 0.0350 0.0535 0.0348 0.9017 0.8849 0.9156 0.4837 0.0186 0.0074 0.0024 0.0012 0.0014 0.0034 0.0048 0.0056 0.0028 0.0078 0.0014 0.0007 0.0009
0.0010 0.0001 0.0001 0.0034 0.0010 0.0001 0.0036 0.0142 0.0008 0.0000 0.0015 0.0025 0.0000 0.0000 0.0001 0.0000 0.0000 0.0000 0.0000 0.0000 0.0000 0.0001 0.0000 0.0000 0.0000 0.0000 0.0000 0.0000 0.0000 0.0000 0.0000 0.3863 0.9167 0.9610 0.7540 0.6669 0.0016 0.0020 0.0002 0.0007 0.0001 0.0000 0.0000 0.0000 0.0002 0.0001 0.0000 0.0001 0.0002 0.0000 0.0000 0.0006 0.0009 0.0000 0.0006 0.0027 0.0003 0.0005 0.0006 0.0007 0.0021 0.0245 0.0529 0.8530 0.8505 0.5632 0.6543 0.0094 0.0284 0.0071 0.0044 0.0051 0.0141 0.0169 0.0160 0.0104 0.0119 0.0031 0.0007 0.0008
0.0246 0.0008 0.0008 0.0938 0.0731 0.0004 0.0229 0.1065 0.0036 0.0000 0.0068 0.0035 0.0000 0.0000 0.0001 0.0000 0.0000 0.0000 0.0000 0.0000 0.0000 0.0000 0.0003 0.0000 0.0000 0.0000 0.0000 0.0000 0.0000 0.0000 0.0000 0.0000 0.8343 0.3988 0.0205 0.0047 0.0011 0.0007 0.0001 0.0002 0.0000 0.0000 0.0000 0.0000 0.0002 0.0001 0.0000 0.0007 0.0012 0.0000 0.0001 0.0053 0.0051 0.0003 0.0028 0.0290 0.0033 0.0079 0.0143 0.0259 0.0533 0.4077 0.4600 0.7833 0.4154 0.0535 0.0260 0.0078 0.0087 0.0031 0.0015 0.0015 0.0034 0.0046 0.0066 0.0048 0.0055 0.0013 0.0004 0.0006
0.0037 0.0003 0.0002 0.0016 0.0012 0.0000 0.0007 0.0005 0.0001 0.0000 0.0000 0.0000 0.0000 0.0000 0.0000 0.0000 0.0000 0.0000 0.0000 0.0000 0.0000 0.0000 0.0000 0.0012 0.0000 0.0000 0.0000 0.0000 0.0000 0.0000 0.0000 0.0000 0.0000 0.3678 0.0109 0.0069 0.0003 0.0004 0.0001 0.0001 0.0000 0.0000 0.0000 0.0000 0.0001 0.0001 0.0000 0.0001 0.0001 0.0000 0.0000 0.0001 0.0005 0.0001 0.0005 0.0015 0.0007 0.0011 0.0023 0.0063 0.0267 0.2276 0.2398 0.2176 0.1833 0.0100 0.0454 0.0042 0.0066 0.0036 0.0023 0.0023 0.0046 0.0050 0.0057 0.0050 0.0027 0.0016 0.0006 0.0010
0.0150 0.0012 0.0006 0.0061 0.0034 0.0001 0.0010 0.0011 0.0001 0.0000 0.0002 0.0001 0.0000 0.0000 0.0000 0.0000 0.0000 0.0000 0.0000 0.0000 0.0000 0.0000 0.0000 0.0007 0.0011 0.0000 0.0000 0.0000 0.0000 0.0000 0.0000 0.0000 0.0000 0.0000 0.0161 0.0075 0.0002 0.0002 0.0000 0.0000 0.0000 0.0000 0.0000 0.0000 0.0000 0.0000 0.0000 0.0000 0.0000 0.0000 0.0000 0.0002 0.0003 0.0000 0.0003 0.0008 0.0003 0.0005 0.0007 0.0012 0.0046 0.0242 0.0300 0.0173 0.0166 0.0072 0.0255 0.0040 0.0055 0.0044 0.0034 0.0027 0.0049 0.0063 0.0059 0.0035 0.0019 0.0010 0.0003 0.0004
0.0056 0.0003 0.0002 0.0030 0.0013 0.0000 0.0004 0.0008 0.0001 0.0000 0.0002 0.0000 0.0000 0.0000 0.0000 0.0000 0.0000 0.0000 0.0000 0.0000 0.0000 0.0000 0.0000 0.0013 0.0010 0.0751 0.0000 0.0000 0.0000 0.0000 0.0000 0.0000 0.0000 0.0000 0.0000 0.0135 0.0003 0.0001 0.0001 0.0000 0.0000 0.0000 0.0000 0.0000 0.0001 0.0001 0.0000 0.0002 0.0003 0.0000 0.0001 0.0026 0.0013 0.0001 0.0008 0.0019 0.0002 0.0002 0.0002 0.0002 0.0004 0.0013 0.0011 0.0024 0.0046 0.0021 0.0095 0.0032 0.0060 0.0072 0.0065 0.0043 0.0057 0.0075 0.0063 0.0030 0.0015 0.0009 0.0002 0.0003
0.0105 0.0005 0.0004 0.0067 0.0018 0.0001 0.0009 0.0013 0.0002 0.0000 0.0004 0.0001 0.0000 0.0000 0.0000 0.0000 0.0000 0.0000 0.0000 0.0000 0.0000 0.0000 0.0001 0.0055 0.0053 0.2569 0.3863 0.0000 0.0000 0.0000 0.0000 0.0000 0.0000 0.0000 0.0000 0.0000 0.0030 0.0001 0.0000 0.0001 0.0000 0.0002 0.0000 0.0000 0.0003 0.0004 0.0000 0.0001 0.0010 0.0001 0.0001 0.0025 0.0034 0.0002 0.0007 0.0035 0.0006 0.0005 0.0005 0.0004 0.0007 0.0022 0.0021 0.0075 0.0144 0.0134 0.0155 0.0139 0.0192 0.0203 0.0132 0.0072 0.0057 0.0071 0.0083 0.0043 0.0027 0.0013 0.0005 0.0004
0.0064 0.0003 0.0001 0.0004 0.0004 0.0000 0.0002 0.0001 0.0000 0.0000 0.0001 0.0000 0.0000 0.0000 0.0000 0.0000 0.0000 0.0000 0.0000 0.0000 0.0000 0.0000 0.0000 0.0022 0.0114 0.7485 0.9167 0.8343 0.0000 0.0000 0.0000 0.0000 0.0000 0.0000 0.0000 0.0000 0.0000 0.0001 0.0000 0.0000 0.0000 0.0000 0.0000 0.0000 0.0000 0.0000 0.0000 0.0000 0.0002 0.0000 0.0000 0.0003 0.0004 0.0000 0.0002 0.0004 0.0001 0.0002 0.0002 0.0002 0.0003 0.0007 0.0004 0.0008 0.0010 0.0016 0.0060 0.0064 0.0174 0.0251 0.0166 0.0076 0.0054 0.0066 0.0101 0.0035 0.0025 0.0012 0.0002 0.0003
0.0031 0.0001 0.0000 0.0005 0.0003 0.0000 0.0001 0.0002 0.0000 0.0000 0.0001 0.0001 0.0000 0.0000 0.0000 0.0000 0.0000 0.0000 0.0000 0.0000 0.0000 0.0001 0.0007 0.0107 0.2379 0.9689 0.9610 0.3988 0.3678 0.0000 0.0000 0.0000 0.0000 0.0000 0.0000 0.0000 0.0000 0.0000 0.0002 0.0001 0.0000 0.0001 0.0000 0.0000 0.0001 0.0001 0.0000 0.0003 0.0005 0.0000 0.0001 0.0011 0.0008 0.0000 0.0002 0.0005 0.0001 0.0001 0.0001 0.0001 0.0002 0.0003 0.0003 0.0011 0.0018 0.0061 0.0179 0.0171 0.0149 0.0200 0.0108 0.0054 0.0031 0.0045 0.0132 0.0051 0.0040 0.0021 0.0003 0.0005
0.0123 0.0004 0.0003 0.0271 0.0183 0.0000 0.0050 0.0342 0.0012 0.0000 0.0098 0.0206 0.0001 0.0001 0.0019 0.0003 0.0000 0.0001 0.0001 0.0002 0.0005 0.0012 0.0082 0.9929 0.9947 0.9964 0.7540 0.0205 0.0109 0.0161 0.0000 0.0000 0.0000 0.0000 0.0000 0.0000 0.0000 0.0000 0.0000 0.0047 0.0007 0.0055 0.0000 0.0006 0.0339 0.0014 0.0000 0.0373 0.0593 0.0001 0.0006 0.0705 0.0094 0.0001 0.0008 0.0088 0.0004 0.0005 0.0004 0.0005 0.0009 0.0010 0.0005 0.0105 0.0047 0.0066 0.0056 0.0071 0.0039 0.0029 0.0018 0.0017 0.0017 0.0032 0.0242 0.0045 0.0082 0.0013 0.0004 0.0006
0.0015 0.0001 0.0000 0.0006 0.0004 0.0000 0.0002 0.0005 0.0001 0.0000 0.0001 0.0006 0.0000 0.0000 0.0000 0.0000 0.0000 0.0000 0.0001 0.0001 0.0006 0.0040 0.1951 0.9959 0.9919 0.5080 0.6669 0.0047 0.0069 0.0075 0.0135 0.0000 0.0000 0.0000 0.0000 0.0000 0.0000 0.0000 0.0000 0.0000 0.0026 0.0051 0.0000 0.0002 0.0017 0.0001 0.0000 0.0005 0.0005 0.0000 0.0000 0.0002 0.0002 0.0000 0.0001 0.0002 0.0001 0.0001 0.0001 0.0002 0.0004 0.0006 0.0014 0.0082 0.0037 0.0041 0.0069 0.0058 0.0085 0.0048 0.0032 0.0035 0.0038 0.0066 0.0166 0.0038 0.0052 0.0017 0.0007 0.0010
0.0023 0.0001 0.0001 0.0141 0.0147 0.0001 0.0054 0.1191 0.0061 0.0001 0.0623 0.3739 0.0020 0.0023 0.2144 0.0819 0.0049 0.0209 0.0370 0.0138 0.0265 0.9945 0.9937 0.9987 0.5175 0.0031 0.0016 0.0011 0.0003 0.0002 0.0003 0.0030 0.0000 0.0000 0.0000 0.0000 0.0000 0.0000 0.0000 0.0000 0.0000 0.3125 0.0013 0.0151 0.7126 0.0119 0.0002 0.1433 0.1446 0.0001 0.0009 0.0367 0.0041 0.0002 0.0006 0.0032 0.0007 0.0011 0.0011 0.0020 0.0034 0.0067 0.0080 0.0117 0.0064 0.0054 0.0025 0.0039 0.0023 0.0015 0.0009 0.0009 0.0010 0.0016 0.0061 0.0022 0.0054 0.0010 0.0006 0.0009
0.0008 0.0001 0.0001 0.0008 0.0013 0.0000 0.0007 0.0026 0.0006 0.0000 0.0014 0.0075 0.0002 0.0002 0.0034 0.0024 0.0005 0.0009 0.0046 0.0026 0.0353 0.9944 0.9959 0.6425 0.7468 0.0005 0.0020 0.0007 0.0004 0.0002 0.0001 0.0001 0.0001 0.0000 0.0000 0.0000 0.0000 0.0000 0.0000 0.0000 0.0000 0.0000 0.0010 0.0016 0.0139 0.0005 0.0000 0.0008 0.0006 0.0000 0.0000 0.0002 0.0001 0.0001 0.0001 0.0004 0.0003 0.0005 0.0009 0.0015 0.0050 0.0136 0.0193 0.0160 0.0221 0.0060 0.0048 0.0039 0.0026 0.0015 0.0010 0.0011 0.0015 0.0021 0.0054 0.0032 0.0045 0.0014 0.0009 0.0012
0.0002 0.0000 0.0000 0.0001 0.0002 0.0000 0.0003 0.0005 0.0001 0.0000 0.0004 0.0020 0.0001 0.0005 0.0213 0.0240 0.0092 0.0559 0.2580 0.7545 0.9237 0.9942 0.5165 0.0013 0.0007 0.0002 0.0002 0.0001 0.0001 0.0000 0.0001 0.0000 0.0000 0.0002 0.0000 0.0000 0.0000 0.0000 0.0000 0.0000 0.0000 0.0000 0.0000 0.0146 0.0152 0.0002 0.0000 0.0008 0.0001 0.0000 0.0000 0.0000 0.0000 0.0000 0.0001 0.0001 0.0002 0.0005 0.0012 0.0019 0.0070 0.0099 0.0073 0.0060 0.0037 0.0050 0.0024 0.0030 0.0019 0.0013 0.0011 0.0010 0.0013 0.0019 0.0063 0.0043 0.0085 0.0025 0.0010 0.0021
0.0003 0.0000 0.0000 0.0011 0.0011 0.0000 0.0012 0.0129 0.0003 0.0000 0.0387 0.0526 0.0002 0.0019 0.2617 0.0456 0.0034 0.0532 0.4100 0.8251 0.8875 0.8280 0.8908 0.0018 0.0036 0.0008 0.0007 0.0002 0.0001 0.0000 0.0000 0.0001 0.0000 0.0001 0.0047 0.0000 0.0000 0.0000 0.0000 0.0000 0.0000 0.0000 0.0000 0.0000 0.9881 0.0016 0.0004 0.7107 0.0107 0.0000 0.0001 0.0004 0.0001 0.0000 0.0001 0.0005 0.0002 0.0004 0.0007 0.0009 0.0019 0.0023 0.0014 0.0035 0.0014 0.0045 0.0011 0.0045 0.0012 0.0006 0.0004 0.0004 0.0006 0.0009 0.0047 0.0023 0.0077 0.0008 0.0003 0.0009
0.0002 0.0000 0.0000 0.0002 0.0001 0.0000 0.0001 0.0007 0.0001 0.0000 0.0017 0.0117 0.0003 0.0015 0.3086 0.1478 0.0171 0.1708 0.6456 0.4900 0.2103 0.0188 0.0361 0.0004 0.0007 0.0000 0.0001 0.0000 0.0000 0.0000 0.0000 0.0000 0.0000 0.0000 0.0007 0.0026 0.0000 0.0000 0.0000 0.0000 0.0000 0.0000 0.0000 0.0000 0.0000 0.0072 0.0001 0.0012 0.0008 0.0000 0.0000 0.0000 0.0000 0.0000 0.0000 0.0001 0.0001 0.0003 0.0005 0.0004 0.0007 0.0005 0.0003 0.0016 0.0005 0.0013 0.0002 0.0008 0.0002 0.0003 0.0003 0.0004 0.0005 0.0005 0.0016 0.0011 0.0029 0.0012 0.0007 0.0015
0.0001 0.0000 0.0000 0.0001 0.0001 0.0000 0.0001 0.0002 0.0001 0.0000 0.0002 0.0053 0.0001 0.0002 0.0144 0.0404 0.0040 0.0135 0.1938 0.0901 0.0414 0.0017 0.0058 0.0001 0.0004 0.0000 0.0000 0.0000 0.0000 0.0000 0.0000 0.0002 0.0000 0.0001 0.0055 0.0051 0.3125 0.0000 0.0000 0.0000 0.0000 0.0000 0.0000 0.0000 0.0000 0.0000 0.0003 0.0003 0.0001 0.0001 0.0001 0.0000 0.0000 0.0000 0.0001 0.0001 0.0002 0.0003 0.0004 0.0004 0.0009 0.0010 0.0009 0.0049 0.0012 0.0080 0.0005 0.0020 0.0004 0.0005 0.0006 0.0006 0.0006 0.0008 0.0027 0.0015 0.0036 0.0011 0.0006 0.0008
0.0000 0.0000 0.0000 0.0000 0.0000 0.0000 0.0001 0.0001 0.0000 0.0000 0.0001 0.0002 0.0000 0.0000 0.0009 0.0004 0.0001 0.0011 0.0079 0.0020 0.0011 0.0006 0.0012 0.0001 0.0001 0.0000 0.0000 0.0000 0.0000 0.0000 0.0000 0.0000 0.0000 0.0000 0.0000 0.0000 0.0013 0.0010 0.0000 0.0000 0.0000 0.0000 0.0000 0.0000 0.0000 0.0000 0.0000 0.0016 0.0001 0.0000 0.0001 0.0000 0.0000 0.0000 0.0000 0.0000 0.0000 0.0001 0.0001 0.0002 0.0004 0.0003 0.0002 0.0006 0.0002 0.0011 0.0001 0.0003 0.0001 0.0001 0.0001 0.0001 0.0001 0.0002 0.0007 0.0005 0.0013 0.0006 0.0003 0.0004
0.0001 0.0000 0.0000 0.0001 0.0000 0.0000 0.0003 0.0014 0.0001 0.0000 0.0224 0.0168 0.0002 0.0174 0.6150 0.0585 0.0033 0.1936 0.4390 0.0512 0.0248 0.0617 0.0746 0.0015 0.0007 0.0000 0.0000 0.0000 0.0000 0.0000 0.0000 0.0000 0.0000 0.0000 0.0006 0.0002 0.0151 0.0016 0.0146 0.0000 0.0000 0.0000 0.0000 0.0000 0.0000 0.0000 0.0000 0.0000 0.0006 0.0000 0.0000 0.0001 0.0000 0.0000 0.0000 0.0000 0.0000 0.0001 0.0001 0.0002 0.0003 0.0003 0.0002 0.0014 0.0002 0.0039 0.0004 0.0028 0.0009 0.0010 0.0008 0.0006 0.0006 0.0008 0.0022 0.0010 0.0034 0.0010 0.0004 0.0006
0.0001 0.0000 0.0000 0.0006 0.0002 0.0000 0.0003 0.0293 0.0009 0.0000 0.0378 0.5625 0.0019 0.0035 0.8333 0.5961 0.0028 0.0164 0.3905 0.1178 0.0110 0.1884 0.2391 0.0608 0.0020 0.0031 0.0002 0.0002 0.0001 0.0000 0.0001 0.0003 0.0000 0.0001 0.0339 0.0017 0.7126 0.0139 0.0152 0.9881 0.0000 0.0000 0.0000 0.0000 0.0000 0.0000 0.0000 0.0000 0.0000 0.0004 0.0001 0.0001 0.0002 0.0000 0.0000 0.0001 0.0000 0.0001 0.0001 0.0001 0.0003 0.0003 0.0002 0.0148 0.0006 0.1877 0.0053 0.2287 0.0100 0.0122 0.0085 0.0037 0.0041 0.0023 0.0093 0.0021 0.0076 0.0006 0.0003 0.0007
0.0001 0.0000 0.0000 0.0000 0.0000 0.0000 0.0001 0.0003 0.0002 0.0000 0.0004 0.0083 0.0001 0.0001 0.0027 0.0031 0.0001 0.0002 0.0006 0.0004 0.0001 0.0004 0.0004 0.0010 0.0003 0.0005 0.0001 0.0001 0.0001 0.0000 0.0001 0.0004 0.0000 0.0001 0.0014 0.0001 0.0119 0.0005 0.0002 0.0016 0.0072 0.0000 0.0000 0.0000 0.0000 0.0000 0.0000 0.0000 0.0000 0.0000 0.0002 0.0001 0.0001 0.0001 0.0001 0.0001 0.0001 0.0002 0.0002 0.0002 0.0006 0.0006 0.0004 0.0032 0.0006 0.0263 0.0015 0.0187 0.0024 0.0034 0.0013 0.0007 0.0005 0.0004 0.0011 0.0005 0.0014 0.0004 0.0003 0.0004
0.0001 0.0000 0.0000 0.0000 0.0000 0.0000 0.0003 0.0004 0.0000 0.0000 0.0049 0.0012 0.0000 0.0025 0.0191 0.0005 0.0001 0.0008 0.0007 0.0002 0.0001 0.0008 0.0001 0.0001 0.0000 0.0000 0.0000 0.0000 0.0000 0.0000 0.0000 0.0000 0.0000 0.0000 0.0000 0.0000 0.0002 0.0000 0.0000 0.0004 0.0001 0.0003 0.0000 0.0000 0.0000 0.0000 0.0000 0.0000 0.0000 0.0000 0.0000 0.0002 0.0000 0.0000 0.0001 0.0000 0.0000 0.0000 0.0000 0.0000 0.0001 0.0001 0.0001 0.0004 0.0001 0.0010 0.0001 0.0013 0.0002 0.0002 0.0001 0.0001 0.0001 0.0001 0.0004 0.0001 0.0004 0.0002 0.0001 0.0002
0.0001 0.0000 0.0000 0.0016 0.0005 0.0000 0.0158 0.2075 0.0023 0.0006 0.7111 0.4122 0.0011 0.1288 0.7681 0.0224 0.0004 0.0085 0.0413 0.0062 0.0013 0.0682 0.0113 0.0362 0.0005 0.0074 0.0001 0.0007 0.0001 0.0000 0.0002 0.0001 0.0000 0.0003 0.0373 0.0005 0.1433 0.0008 0.0008 0.7107 0.0012 0.0003 0.0016 0.0000 0.0000 0.0000 0.0000 0.0000 0.0000 0.0000 0.0000 0.0000 0.0003 0.0000 0.0001 0.0003 0.0000 0.0000 0.0000 0.0000 0.0001 0.0001 0.0002 0.0224 0.0012 0.2694 0.0043 0.1949 0.0040 0.0041 0.0039 0.0017 0.0026 0.0012 0.0080 0.0009 0.0059 0.0003 0.0001 0.0003
0.0004 0.0000 0.0001 0.0068 0.0025 0.0000 0.0015 0.2439 0.0114 0.0001 0.0684 0.4365 0.0003 0.0006 0.0617 0.0080 0.0000 0.0001 0.0024 0.0007 0.0002 0.0054 0.0041 0.0167 0.0003 0.0095 0.0002 0.0012 0.0001 0.0000 0.0003 0.0010 0.0002 0.0005 0.0593 0.0005 0.1446 0.0006 0.0001 0.0107 0.0008 0.0001 0.0001 0.0006 0.0000 0.0000 0.0000 0.0000 0.0000 0.0000 0.0000 0.0000 0.0000 0.0002 0.0001 0.0006 0.0002 0.0002 0.0001 0.0001 0.0004 0.0005 0.0021 0.3287 0.0276 0.7680 0.0252 0.2407 0.0056 0.0042 0.0030 0.0019 0.0022 0.0010 0.0073 0.0014 0.0068 0.0007 0.0005 0.0007
0.0001 0.0000 0.0000 0.0000 0.0000 0.0000 0.0001 0.0005 0.0002 0.0000 0.0003 0.0005 0.0000 0.0000 0.0000 0.0000 0.0000 0.0000 0.0000 0.0000 0.0000 0.0000 0.0000 0.0000 0.0000 0.0000 0.0000 0.0000 0.0000 0.0000 0.0000 0.0001 0.0000 0.0000 0.0001 0.0000 0.0001 0.0000 0.0000 0.0000 0.0000 0.0001 0.0000 0.0000 0.0004 0.0000 0.0000 0.0000 0.0000 0.0000 0.0000 0.0000 0.0000 0.0000 0.0002 0.0001 0.0000 0.0001 0.0001 0.0001 0.0004 0.0003 0.0006 0.0049 0.0006 0.0088 0.0006 0.0020 0.0003 0.0002 0.0002 0.0002 0.0003 0.0002 0.0007 0.0002 0.0008 0.0004 0.0002 0.0006
0.0007 0.0001 0.0004 0.0017 0.0002 0.0001 0.0358 0.0187 0.0002 0.0009 0.1994 0.0025 0.0000 0.0019 0.0032 0.0001 0.0000 0.0001 0.0002 0.0001 0.0001 0.0006 0.0001 0.0005 0.0000 0.0004 0.0000 0.0001 0.0000 0.0000 0.0001 0.0001 0.0000 0.0001 0.0006 0.0000 0.0009 0.0000 0.0000 0.0001 0.0000 0.0001 0.0001 0.0000 0.0001 0.0002 0.0000 0.0000 0.0000 0.0000 0.0000 0.0000 0.0000 0.0000 0.0000 0.0010 0.0001 0.0001 0.0001 0.0001 0.0003 0.0003 0.0009 0.0055 0.0007 0.0110 0.0007 0.0031 0.0003 0.0003 0.0004 0.0002 0.0005 0.0006 0.0051 0.0007 0.0039 0.0005 0.0003 0.0005
0.0014 0.0000 0.0008 0.2997 0.0136 0.0004 0.4596 0.8593 0.0082 0.0024 0.6527 0.2184 0.0001 0.0013 0.0192 0.0003 0.0000 0.0001 0.0004 0.0004 0.0002 0.0039 0.0020 0.0406 0.0004 0.0260 0.0006 0.0053 0.0001 0.0002 0.0026 0.0025 0.0003 0.0011 0.0705 0.0002 0.0367 0.0002 0.0000 0.0004 0.0000 0.0000 0.0000 0.0001 0.0001 0.0001 0.0002 0.0000 0.0000 0.0000 0.0000 0.0000 0.0000 0.0000 0.0000 0.0000 0.0015 0.0002 0.0003 0.0005 0.0051 0.0138 0.0277 0.8020 0.0651 0.7976 0.0158 0.1196 0.0016 0.0011 0.0018 0.0009 0.0020 0.0015 0.0194 0.0017 0.0202 0.0005 0.0003 0.0006
0.0023 0.0001 0.0004 0.0178 0.0086 0.0001 0.0023 0.1857 0.0039 0.0001 0.0024 0.0118 0.0000 0.0001 0.0002 0.0000 0.0000 0.0000 0.0001 0.0001 0.0001 0.0003 0.0006 0.0088 0.0006 0.0106 0.0009 0.0051 0.0005 0.0003 0.0013 0.0034 0.0004 0.0008 0.0094 0.0002 0.0041 0.0001 0.0000 0.0001 0.0000 0.0000 0.0000 0.0000 0.0002 0.0001 0.0000 0.0003 0.0000 0.0000 0.0000 0.0000 0.0000 0.0000 0.0000 0.0000 0.0000 0.0024 0.0007 0.0007 0.0084 0.0198 0.0918 0.6935 0.1274 0.5976 0.0071 0.0123 0.0007 0.0004 0.0003 0.0004 0.0008 0.0016 0.0116 0.0024 0.0156 0.0015 0.0015 0.0014
0.0005 0.0001 0.0001 0.0002 0.0001 0.0000 0.0007 0.0003 0.0000 0.0000 0.0001 0.0000 0.0000 0.0000 0.0000 0.0000 0.0000 0.0000 0.0000 0.0000 0.0000 0.0000 0.0000 0.0001 0.0000 0.0002 0.0000 0.0003 0.0001 0.0000 0.0001 0.0002 0.0000 0.0000 0.0001 0.0000 0.0002 0.0001 0.0000 0.0000 0.0000 0.0000 0.0000 0.0000 0.0000 0.0001 0.0000 0.0000 0.0002 0.0000 0.0000 0.0000 0.0000 0.0000 0.0000 0.0000 0.0000 0.0000 0.0057 0.0021 0.0026 0.0036 0.0053 0.0138 0.0018 0.0086 0.0002 0.0003 0.0000 0.0001 0.0001 0.0001 0.0002 0.0007 0.0029 0.0010 0.0036 0.0006 0.0007 0.0007
0.0187 0.0014 0.0198 0.2967 0.0025 0.0012 0.3936 0.0965 0.0003 0.0016 0.1121 0.0006 0.0000 0.0005 0.0003 0.0000 0.0000 0.0000 0.0001 0.0001 0.0001 0.0003 0.0002 0.0032 0.0003 0.0075 0.0006 0.0028 0.0005 0.0003 0.0008 0.0007 0.0002 0.0002 0.0008 0.0001 0.0006 0.0001 0.0001 0.0001 0.0000 0.0001 0.0000 0.0000 0.0000 0.0001 0.0001 0.0001 0.0001 0.0002 0.0000 0.0000 0.0000 0.0000 0.0000 0.0000 0.0000 0.0000 0.0000 0.0443 0.2750 0.2306 0.1759 0.3672 0.0241 0.0322 0.0025 0.0014 0.0004 0.0003 0.0002 0.0003 0.0008 0.0038 0.0166 0.0089 0.0361 0.0033 0.0026 0.0018
0.0992 0.0018 0.0105 0.7190 0.1397 0.0004 0.2022 0.6518 0.0013 0.0005 0.0559 0.0087 0.0000 0.0001 0.0005 0.0001 0.0000 0.0000 0.0001 0.0002 0.0001 0.0013 0.0006 0.0470 0.0009 0.1464 0.0027 0.0290 0.0015 0.0008 0.0019 0.0035 0.0004 0.0005 0.0088 0.0002 0.0032 0.0004 0.0001 0.0005 0.0001 0.0001 0.0000 0.0000 0.0001 0.0001 0.0000 0.0003 0.0006 0.0001 0.0010 0.0000 0.0000 0.0000 0.0000 0.0000 0.0000 0.0000 0.0000 0.0000 0.7552 0.7546 0.5741 0.8902 0.0461 0.2764 0.0015 0.0044 0.0003 0.0002 0.0001 0.0001 0.0007 0.0050 0.0168 0.0157 0.1109 0.0059 0.0037 0.0031
0.0160 0.0007 0.0012 0.0076 0.0025 0.0001 0.0009 0.0015 0.0001 0.0000 0.0001 0.0001 0.0000 0.0000 0.0000 0.0000 0.0000 0.0000 0.0000 0.0000 0.0000 0.0000 0.0000 0.0011 0.0001 0.0058 0.0003 0.0033 0.0007 0.0003 0.0002 0.0006 0.0001 0.0001 0.0004 0.0001 0.0007 0.0003 0.0002 0.0002 0.0001 0.0002 0.0000 0.0000 0.0000 0.0001 0.0000 0.0000 0.0002 0.0000 0.0001 0.0015 0.0000 0.0000 0.0000 0.0000 0.0000 0.0000 0.0000 0.0000 0.0000 0.3344 0.1158 0.0519 0.0058 0.0031 0.0002 0.0001 0.0001 0.0000 0.0000 0.0000 0.0002 0.0020 0.0027 0.0101 0.0214 0.0080 0.0057 0.0065
0.0458 0.0018 0.0053 0.0102 0.0006 0.0000 0.0027 0.0003 0.0000 0.0000 0.0001 0.0000 0.0000 0.0000 0.0000 0.0000 0.0000 0.0000 0.0000 0.0000 0.0000 0.0000 0.0000 0.0014 0.0001 0.0218 0.0005 0.0079 0.0011 0.0005 0.0002 0.0005 0.0002 0.0001 0.0005 0.0001 0.0011 0.0005 0.0005 0.0004 0.0003 0.0003 0.0001 0.0001 0.0001 0.0002 0.0000 0.0000 0.0002 0.0001 0.0001 0.0002 0.0024 0.0000 0.0000 0.0000 0.0000 0.0000 0.0000 0.0000 0.0000 0.0000 0.0658 0.0313 0.0008 0.0005 0.0000 0.0001 0.0000 0.0000 0.0000 0.0000 0.0002 0.0029 0.0040 0.0196 0.0266 0.0104 0.0078 0.0074
0.2048 0.0066 0.0252 0.1448 0.0071 0.0002 0.0351 0.0055 0.0000 0.0001 0.0016 0.0001 0.0000 0.0000 0.0000 0.0000 0.0000 0.0000 0.0000 0.0000 0.0000 0.0001 0.0000 0.0018 0.0001 0.0287 0.0006 0.0143 0.0023 0.0007 0.0002 0.0005 0.0002 0.0001 0.0004 0.0001 0.0011 0.0009 0.0012 0.0007 0.0005 0.0004 0.0001 0.0001 0.0001 0.0002 0.0000 0.0000 0.0001 0.0001 0.0001 0.0003 0.0007 0.0057 0.0000 0.0000 0.0000 0.0000 0.0000 0.0000 0.0000 0.0000 0.0000 0.1255 0.0045 0.0008 0.0002 0.0001 0.0000 0.0000 0.0000 0.0000 0.0001 0.0027 0.0035 0.0377 0.0430 0.0346 0.0141 0.0139
0.1502 0.0043 0.0077 0.0440 0.0042 0.0001 0.0069 0.0030 0.0000 0.0000 0.0003 0.0000 0.0000 0.0000 0.0000 0.0000 0.0000 0.0000 0.0000 0.0000 0.0000 0.0000 0.0000 0.0006 0.0001 0.0231 0.0007 0.0259 0.0063 0.0012 0.0002 0.0004 0.0002 0.0001 0.0005 0.0002 0.0020 0.0015 0.0019 0.0009 0.0004 0.0004 0.0002 0.0002 0.0001 0.0002 0.0000 0.0000 0.0001 0.0001 0.0001 0.0005 0.0007 0.0021 0.0443 0.0000 0.0000 0.0000 0.0000 0.0000 0.0000 0.0000 0.0000 0.0000 0.0086 0.0011 0.0001 0.0001 0.0000 0.0000 0.0000 0.0000 0.0001 0.0017 0.0032 0.0558 0.0610 0.0633 0.0287 0.0248
0.1429 0.0041 0.0082 0.0480 0.0039 0.0001 0.0080 0.0021 0.0000 0.0000 0.0003 0.0000 0.0000 0.0000 0.0000 0.0000 0.0000 0.0000 0.0001 0.0001 0.0001 0.0001 0.0001 0.0009 0.0003 0.0350 0.0021 0.0533 0.0267 0.0046 0.0004 0.0007 0.0003 0.0002 0.0009 0.0004 0.0034 0.0050 0.0070 0.0019 0.0007 0.0009 0.0004 0.0003 0.0003 0.0006 0.0001 0.0001 0.0004 0.0004 0.0003 0.0051 0.0084 0.0026 0.2750 0.7552 0.0000 0.0000 0.0000 0.0000 0.0000 0.0000 0.0000 0.0000 0.0000 0.0051 0.0003 0.0001 0.0001 0.0000 0.0000 0.0000 0.0001 0.0015 0.0026 0.0633 0.1095 0.2242 0.1231 0.0865
0.1863 0.0050 0.0056 0.0557 0.0054 0.0001 0.0086 0.0051 0.0001 0.0000 0.0007 0.0001 0.0000 0.0000 0.0000 0.0000 0.0000 0.0001 0.0001 0.0001 0.0001 0.0001 0.0001 0.0012 0.0006 0.0535 0.0245 0.4077 0.2276 0.0242 0.0013 0.0022 0.0007 0.0003 0.0010 0.0006 0.0067 0.0136 0.0099 0.0023 0.0005 0.0010 0.0003 0.0003 0.0003 0.0006 0.0001 0.0001 0.0005 0.0003 0.0003 0.0138 0.0198 0.0036 0.2306 0.7546 0.3344 0.0000 0.0000 0.0000 0.0000 0.0000 0.0000 0.0000 0.0000 0.0000 0.0007 0.0001 0.0000 0.0000 0.0000 0.0000 0.0001 0.0026 0.0061 0.1555 0.3254 0.5710 0.3251 0.1706
0.0854 0.0011 0.0007 0.0158 0.0013 0.0000 0.0010 0.0007 0.0000 0.0000 0.0001 0.0000 0.0000 0.0000 0.0000 0.0000 0.0000 0.0000 0.0000 0.0000 0.0001 0.0001 0.0003 0.0015 0.0018 0.0348 0.0529 0.4600 0.2398 0.0300 0.0011 0.0021 0.0004 0.0003 0.0005 0.0014 0.0080 0.0193 0.0073 0.0014 0.0003 0.0009 0.0002 0.0002 0.0002 0.0004 0.0001 0.0002 0.0021 0.0006 0.0009 0.0277 0.0918 0.0053 0.1759 0.5741 0.1158 0.0658 0.0000 0.0000 0.0000 0.0000 0.0000 0.0000 0.0000 0.0000 0.0000 0.0007 0.0001 0.0000 0.0000 0.0000 0.0004 0.0036 0.0137 0.7120 0.8314 0.7685 0.3087 0.1479
0.3654 0.0038 0.0040 0.5171 0.2309 0.0001 0.0533 0.3584 0.0031 0.0002 0.0784 0.0275 0.0002 0.0003 0.0073 0.0005 0.0001 0.0002 0.0003 0.0005 0.0008 0.0042 0.0045 0.0574 0.0248 0.9017 0.8530 0.7833 0.2176 0.0173 0.0024 0.0075 0.0008 0.0011 0.0105 0.0082 0.0117 0.0160 0.0060 0.0035 0.0016 0.0049 0.0006 0.0014 0.0148 0.0032 0.0004 0.0224 0.3287 0.0049 0.0055 0.8020 0.6935 0.0138 0.3672 0.8902 0.0519 0.0313 0.1255 0.0000 0.0000 0.0000 0.0000 0.0000 0.0000 0.0000 0.0000 0.0000 0.0017 0.0002 0.0001 0.0003 0.0031 0.0344 0.1415 0.8657 0.8519 0.3139 0.0816 0.0372
0.0267 0.0005 0.0002 0.0103 0.0017 0.0000 0.0014 0.0046 0.0003 0.0000 0.0006 0.0009 0.0000 0.0000 0.0001 0.0001 0.0000 0.0001 0.0001 0.0002 0.0005 0.0015 0.0044 0.0253 0.1454 0.8849 0.8505 0.4154 0.1833 0.0166 0.0046 0.0144 0.0010 0.0018 0.0047 0.0037 0.0064 0.0221 0.0037 0.0014 0.0005 0.0012 0.0002 0.0002 0.0006 0.0006 0.0001 0.0012 0.0276 0.0006 0.0007 0.0651 0.1274 0.0018 0.0241 0.0461 0.0058 0.0008 0.0045 0.0086 0.0000 0.0000 0.0000 0.0000 0.0000 0.0000 0.0000 0.0000 0.0000 0.0016 0.0010 0.0026 0.0317 0.6803 0.8424 0.9184 0.6606 0.1270 0.0146 0.0256
0.1066 0.0017 0.0010 0.2790 0.2737 0.0004 0.0599 0.7292 0.0910 0.0011 0.3413 0.5626 0.0065 0.0084 0.4176 0.0847 0.0055 0.0085 0.0058 0.0114 0.0077 0.0927 0.0434 0.9444 0.8872 0.9156 0.5632 0.0535 0.0100 0.0072 0.0021 0.0134 0.0016 0.0061 0.0066 0.0041 0.0054 0.0060 0.0050 0.0045 0.0013 0.0080 0.0011 0.0039 0.1877 0.0263 0.0010 0.2694 0.7680 0.0088 0.0110 0.7976 0.5976 0.0086 0.0322 0.2764 0.0031 0.0005 0.0008 0.0011 0.0051 0.0000 0.0000 0.0000 0.0000 0.0000 0.0000 0.0000 0.0000 0.0000 0.0085 0.0222 0.2411 0.8781 0.8086 0.5317 0.6010 0.0211 0.0050 0.0102
0.0149 0.0008 0.0004 0.0091 0.0050 0.0001 0.0021 0.0079 0.0012 0.0000 0.0011 0.0078 0.0002 0.0002 0.0020 0.0013 0.0001 0.0003 0.0005 0.0012 0.0034 0.0289 0.1021 0.9369 0.9287 0.4837 0.6543 0.0260 0.0454 0.0255 0.0095 0.0155 0.0060 0.0179 0.0056 0.0069 0.0025 0.0048 0.0024 0.0011 0.0002 0.0005 0.0001 0.0004 0.0053 0.0015 0.0001 0.0043 0.0252 0.0006 0.0007 0.0158 0.0071 0.0002 0.0025 0.0015 0.0002 0.0000 0.0002 0.0001 0.0003 0.0007 0.0000 0.0000 0.0000 0.0000 0.0000 0.0000 0.0000 0.0000 0.0000 0.3741 0.8274 0.9319 0.5872 0.2099 0.0947 0.0054 0.0016 0.0035
0.0771 0.0041 0.0021 0.1593 0.1287 0.0006 0.0337 0.3846 0.0329 0.0014 0.3036 0.6134 0.0214 0.0310 0.7011 0.4439 0.0321 0.1075 0.0490 0.2466 0.1242 0.9374 0.9407 0.9516 0.5146 0.0186 0.0094 0.0078 0.0042 0.0040 0.0032 0.0139 0.0064 0.0171 0.0071 0.0058 0.0039 0.0039 0.0030 0.0045 0.0008 0.0020 0.0003 0.0028 0.2287 0.0187 0.0013 0.1949 0.2407 0.0020 0.0031 0.1196 0.0123 0.0003 0.0014 0.0044 0.0001 0.0001 0.0001 0.0001 0.0001 0.0001 0.0007 0.0000 0.0000 0.0000 0.0000 0.0000 0.0000 0.0000 0.0000 0.0000 0.8037 0.8463 0.6093 0.0450 0.0738 0.0020 0.0008 0.0019
0.0086 0.0013 0.0007 0.0073 0.0040 0.0002 0.0042 0.0075 0.0020 0.0003 0.0127 0.0322 0.0013 0.0021 0.0339 0.0161 0.0020 0.0075 0.0116 0.1334 0.1608 0.8972 0.9475 0.6337 0.6103 0.0074 0.0284 0.0087 0.0066 0.0055 0.0060 0.0192 0.0174 0.0149 0.0039 0.0085 0.0023 0.0026 0.0019 0.0012 0.0002 0.0004 0.0001 0.0009 0.0100 0.0024 0.0002 0.0040 0.0056 0.0003 0.0003 0.0016 0.0007 0.0000 0.0004 0.0003 0.0001 0.0000 0.0000 0.0000 0.0001 0.0000 0.0001 0.0017 0.0000 0.0000 0.0000 0.0000 0.0000 0.0000 0.0000 0.0000 0.0000 0.5932 0.2353 0.0097 0.0034 0.0007 0.0003 0.0007
0.0147 0.0045 0.0019 0.0087 0.0053 0.0004 0.0075 0.0191 0.0051 0.0007 0.0381 0.0957 0.0071 0.0141 0.1900 0.1259 0.0283 0.1109 0.1804 0.6711 0.7153 0.7934 0.5394 0.0257 0.0115 0.0024 0.0071 0.0031 0.0036 0.0044 0.0072 0.0203 0.0251 0.0200 0.0029 0.0048 0.0015 0.0015 0.0013 0.0006 0.0003 0.0005 0.0001 0.0010 0.0122 0.0034 0.0002 0.0041 0.0042 0.0002 0.0003 0.0011 0.0004 0.0001 0.0003 0.0002 0.0000 0.0000 0.0000 0.0000 0.0000 0.0000 0.0000 0.0002 0.0016 0.0000 0.0000 0.0000 0.0000 0.0000 0.0000 0.0000 0.0000 0.0000 0.2326 0.0077 0.0022 0.0007 0.0005 0.0006
0.0110 0.0045 0.0019 0.0066 0.0048 0.0006 0.0103 0.0143 0.0023 0.0006 0.0152 0.0233 0.0024 0.0069 0.0520 0.0532 0.0180 0.0809 0.1663 0.5252 0.4746 0.2158 0.3349 0.0065 0.0090 0.0012 0.0044 0.0015 0.0023 0.0034 0.0065 0.0132 0.0166 0.0108 0.0018 0.0032 0.0009 0.0010 0.0011 0.0004 0.0003 0.0006 0.0001 0.0008 0.0085 0.0013 0.0001 0.0039 0.0030 0.0002 0.0004 0.0018 0.0003 0.0001 0.0002 0.0001 0.0000 0.0000 0.0000 0.0000 0.0000 0.0000 0.0000 0.0001 0.0010 0.0085 0.0000 0.0000 0.0000 0.0000 0.0000 0.0000 0.0000 0.0000 0.0000 0.0078 0.0017 0.0003 0.0004 0.0005
0.0056 0.0018 0.0008 0.0030 0.0020 0.0004 0.0060 0.0062 0.0013 0.0004 0.0071 0.0098 0.0018 0.0057 0.0400 0.0468 0.0193 0.0647 0.1030 0.2182 0.0906 0.0211 0.0594 0.0075 0.0152 0.0014 0.0051 0.0015 0.0023 0.0027 0.0043 0.0072 0.0076 0.0054 0.0017 0.0035 0.0009 0.0011 0.0010 0.0004 0.0004 0.0006 0.0001 0.0006 0.0037 0.0007 0.0001 0.0017 0.0019 0.0002 0.0002 0.0009 0.0004 0.0001 0.0003 0.0001 0.0000 0.0000 0.0000 0.0000 0.0000 0.0000 0.0000 0.0003 0.0026 0.0222 0.3741 0.0000 0.0000 0.0000 0.0000 0.0000 0.0000 0.0000 0.0000 0.0000 0.0073 0.0015 0.0007 0.0007
0.0070 0.0021 0.0010 0.0061 0.0046 0.0005 0.0108 0.0116 0.0013 0.0005 0.0152 0.0217 0.0021 0.0070 0.0577 0.0634 0.0220 0.0493 0.0741 0.1475 0.0613 0.0252 0.1250 0.0188 0.0439 0.0034 0.0141 0.0034 0.0046 0.0049 0.0057 0.0057 0.0054 0.0031 0.0017 0.0038 0.0010 0.0015 0.0013 0.0006 0.0005 0.0006 0.0001 0.0006 0.0041 0.0005 0.0001 0.0026 0.0022 0.0003 0.0005 0.0020 0.0008 0.0002 0.0008 0.0007 0.0002 0.0002 0.0001 0.0001 0.0001 0.0001 0.0004 0.0031 0.0317 0.2411 0.8274 0.8037 0.0000 0.0000 0.0000 0.0000 0.0000 0.0000 0.0000 0.0000 0.0000 0.0097 0.0022 0.0016
0.0035 0.0008 0.0004 0.0019 0.0011 0.0003 0.0028 0.0018 0.0005 0.0003 0.0033 0.0079 0.0014 0.0051 0.0385 0.0555 0.0221 0.0458 0.0664 0.1306 0.0575 0.0352 0.1340 0.0189 0.0386 0.0048 0.0169 0.0046 0.0050 0.0063 0.0075 0.0071 0.0066 0.0045 0.0032 0.0066 0.0016 0.0021 0.0019 0.0009 0.0005 0.0008 0.0002 0.0008 0.0023 0.0004 0.0001 0.0012 0.0010 0.0002 0.0006 0.0015 0.0016 0.0007 0.0038 0.0050 0.0020 0.0029 0.0027 0.0017 0.0015 0.0026 0.0036 0.0344 0.6803 0.8781 0.9319 0.8463 0.5932 0.0000 0.0000 0.0000 0.0000 0.0000 0.0000 0.0000 0.0000 0.0000 0.0090 0.0055
0.0062 0.0026 0.0015 0.0143 0.0087 0.0009 0.0245 0.0325 0.0037 0.0013 0.0466 0.0679 0.0062 0.0164 0.1042 0.0955 0.0264 0.0566 0.0998 0.2093 0.0814 0.0654 0.1148 0.0240 0.0265 0.0056 0.0160 0.0066 0.0057 0.0059 0.0063 0.0083 0.0101 0.0132 0.0242 0.0166 0.0061 0.0054 0.0063 0.0047 0.0016 0.0027 0.0007 0.0022 0.0093 0.0011 0.0004 0.0080 0.0073 0.0007 0.0051 0.0194 0.0116 0.0029 0.0166 0.0168 0.0027 0.0040 0.0035 0.0032 0.0026 0.0061 0.0137 0.1415 0.8424 0.8086 0.5872 0.6093 0.2353 0.2326 0.0000 0.0000 0.0000 0.0000 0.0000 0.0000 0.0000 0.0000 0.0000 0.0349
0.0024 0.0007 0.0005 0.0023 0.0014 0.0004 0.0034 0.0033 0.0011 0.0004 0.0033 0.0081 0.0019 0.0034 0.0154 0.0188 0.0084 0.0141 0.0236 0.0401 0.0202 0.0108 0.0183 0.0054 0.0071 0.0028 0.0104 0.0048 0.0050 0.0035 0.0030 0.0043 0.0035 0.0051 0.0045 0.0038 0.0022 0.0032 0.0043 0.0023 0.0011 0.0015 0.0005 0.0010 0.0021 0.0005 0.0001 0.0009 0.0014 0.0002 0.0007 0.0017 0.0024 0.0010 0.0089 0.0157 0.0101 0.0196 0.0377 0.0558 0.0633 0.1555 0.7120 0.8657 0.9184 0.5317 0.2099 0.0450 0.0097 0.0077 0.0078 0.0000 0.0000 0.0000 0.0000 0.0000 0.0000 0.0000 0.0000 0.0000
0.0036 0.0011 0.0011 0.0126 0.0082 0.0015 0.0152 0.0289 0.0081 0.0020 0.0189 0.0220 0.0044 0.0048 0.0228 0.0192 0.0068 0.0127 0.0198 0.0270 0.0119 0.0159 0.0253 0.0187 0.0110 0.0078 0.0119 0.0055 0.0027 0.0019 0.0015 0.0027 0.0025 0.0040 0.0082 0.0052 0.0054 0.0045 0.0085 0.0077 0.0029 0.0036 0.0013 0.0034 0.0076 0.0014 0.0004 0.0059 0.0068 0.0008 0.0039 0.0202 0.0156 0.0036 0.0361 0.1109 0.0214 0.0266 0.0430 0.0610 0.1095 0.3254 0.8314 0.8519 0.6606 0.6010 0.0947 0.0738 0.0034 0.0022 0.0017 0.0073 0.0000 0.0000 0.0000 0.0000 0.0000 0.0000 0.0000 0.0000
0.0023 0.0006 0.0006 0.0012 0.0012 0.0009 0.0024 0.0015 0.0013 0.0007 0.0011 0.0022 0.0011 0.0009 0.0011 0.0023 0.0018 0.0021 0.0025 0.0036 0.0033 0.0020 0.0030 0.0031 0.0046 0.0014 0.0031 0.0013 0.0016 0.0010 0.0009 0.0013 0.0012 0.0021 0.0013 0.0017 0.0010 0.0014 0.0025 0.0008 0.0012 0.0011 0.0006 0.0010 0.0006 0.0004 0.0002 0.0003 0.0007 0.0004 0.0005 0.0005 0.0015 0.0006 0.0033 0.0059 0.0080 0.0104 0.0346 0.0633 0.2242 0.5710 0.7685 0.3139 0.1270 0.0211 0.0054 0.0020 0.0007 0.0007 0.0003 0.0015 0.0097 0.0000 0.0000 0.0000 0.0000 0.0000 0.0000 0.0000
0.0023 0.0010 0.0006 0.0007 0.0008 0.0006 0.0010 0.0008 0.0010 0.0004 0.0005 0.0013 0.0008 0.0006 0.0009 0.0020 0.0017 0.0019 0.0017 0.0026 0.0021 0.0017 0.0014 0.0020 0.0018 0.0007 0.0007 0.0004 0.0006 0.0003 0.0002 0.0005 0.0002 0.0003 0.0004 0.0007 0.0006 0.0009 0.0010 0.0003 0.0007 0.0006 0.0003 0.0004 0.0003 0.0003 0.0001 0.0001 0.0005 0.0002 0.0003 0.0003 0.0015 0.0007 0.0026 0.0037 0.0057 0.0078 0.0141 0.0287 0.1231 0.3251 0.3087 0.0816 0.0146 0.0050 0.0016 0.0008 0.0003 0.0005 0.0004 0.0007 0.0022 0.0090 0.0000 0.0000 0.0000 0.0000 0.0000 0.0000
0.0034 0.0016 0.0010 0.0015 0.0021 0.0017 0.0023 0.0021 0.0019 0.0008 0.0010 0.0020 0.0013 0.0010 0.0012 0.0026 0.0024 0.0020 0.0020 0.0028 0.0027 0.0019 0.0019 0.0019 0.0027 0.0009 0.0008 0.0006 0.0010 0.0004 0.0003 0.0004 0.0003 0.0005 0.0006 0.0010 0.0009 0.0012 0.0021 0.0009 0.0015 0.0008 0.0004 0.0006 0.0007 0.0004 0.0002 0.0003 0.0007 0.0006 0.0005 0.0006 0.0014 0.0007 0.0018 0.0031 0.0065 0.0074 0.0139 0.0248 0.0865 0.1706 0.1479 0.0372 0.0256 0.0102 0.0035 0.0019 0.0007 0.0006 0.0005 0.0007 0.0016 0.0055 0.0349 0.0000 0.0000 0.0000 0.0000 0.0000
