0.0000 0.0000 0.0000 0.0000 0.0000 0.0177 0.0017 0.0012 0.0173 0.0231 0.2041 0.3520 0.2272 0.0683 0.0209 0.0208 0.0190 0.0183 0.0108 0.0313 0.0151 0.0358 0.2275 0.1493 0.0611 0.0382 0.0168 0.0068 0.0094 0.0030 0.0081 0.0046 0.0033 0.0085 0.0130 0.0087 0.0051 0.0062 0.0194 0.0183 0.0149 0.0184 0.0136 0.0156 0.0657 0.0333 0.0036 0.0090 0.0106 0.0037 0.0037 0.0051 0.0037 0.0065 0.0030 0.0070 0.0044 0.0053
0.0000 0.0000 0.0000 0.0000 0.0000 0.0000 0.0013 0.0009 0.0059 0.0114 0.2631 0.4727 0.1251 0.0415 0.0122 0.0148 0.0089 0.0082 0.0044 0.0433 0.0246 0.0817 0.5216 0.3355 0.0868 0.0707 0.0158 0.0095 0.0088 0.0025 0.0107 0.0056 0.0025 0.0085 0.0181 0.0101 0.0036 0.0057 0.0148 0.0059 0.0058 0.0055 0.0042 0.0035 0.0222 0.0031 0.0007 0.0010 0.0028 0.0002 0.0006 0.0029 0.0013 0.0033 0.0036 0.0089 0.0067 0.0076
0.0000 0.0000 0.0000 0.0000 0.0000 0.0000 0.0000 0.0016 0.0129 0.0565 0.9087 0.9204 0.5115 0.1705 0.0960 0.0843 0.1365 0.0842 0.0291 0.0949 0.0403 0.1764 0.4765 0.2748 0.0221 0.0130 0.0118 0.0096 0.0101 0.0042 0.0099 0.0079 0.0036 0.0049 0.0086 0.0024 0.0027 0.0038 0.0113 0.0036 0.0033 0.0055 0.0037 0.0089 0.0177 0.0110 0.0016 0.0169 0.0079 0.0006 0.0040 0.0117 0.0015 0.0038 0.0164 0.0108 0.0026 0.0054
0.0000 0.0000 0.0000 0.0000 0.0000 0.0000 0.0000 0.0000 0.9098 0.9771 0.9924 0.7698 0.0329 0.0059 0.0066 0.0051 0.0106 0.0037 0.0071 0.0353 0.0395 0.5132 0.6991 0.8691 0.1705 0.0475 0.0797 0.0455 0.0421 0.0210 0.0466 0.0313 0.0150 0.0425 0.0246 0.0083 0.0078 0.0054 0.0068 0.0047 0.0030 0.0085 0.0091 0.0075 0.0161 0.0029 0.0016 0.0018 0.0014 0.0003 0.0012 0.0040 0.0002 0.0009 0.0047 0.0039 0.0015 0.0038
0.0000 0.0000 0.0000 0.0000 0.0000 0.0000 0.0000 0.0000 0.0000 0.9894 0.8877 0.8419 0.1078 0.0114 0.0149 0.0090 0.0216 0.0110 0.0217 0.0888 0.2155 0.8379 0.4245 0.9455 0.9089 0.1116 0.4106 0.1779 0.0478 0.0065 0.0057 0.0046 0.0018 0.0030 0.0014 0.0007 0.0012 0.0005 0.0010 0.0005 0.0003 0.0009 0.0020 0.0027 0.0035 0.0028 0.0008 0.0173 0.0022 0.0006 0.0122 0.0168 0.0006 0.0026 0.0396 0.0116 0.0024 0.0080
0.0177 0.0000 0.0000 0.0000 0.0000 0.0000 0.0000 0.0000 0.0000 0.0000 0.0081 0.0105 0.0083 0.0024 0.0017 0.0041 0.0042 0.0029 0.0125 0.0296 0.0420 0.1042 0.0144 0.1038 0.1803 0.0085 0.1314 0.0982 0.0508 0.0063 0.0121 0.0196 0.0094 0.0324 0.0045 0.0053 0.0071 0.0058 0.0103 0.0063 0.0042 0.0045 0.0110 0.0089 0.0189 0.0048 0.0019 0.0087 0.0025 0.0007 0.0069 0.0121 0.0004 0.0023 0.0224 0.0074 0.0027 0.0104
0.0017 0.0013 0.0000 0.0000 0.0000 0.0000 0.0000 0.0000 0.0000 0.0000 0.0000 0.0044 0.0022 0.0004 0.0003 0.0003 0.0007 0.0010 0.0069 0.0067 0.0387 0.5545 0.0270 0.3346 0.7944 0.0456 0.2400 0.1078 0.0246 0.0012 0.0018 0.0010 0.0004 0.0011 0.0002 0.0006 0.0011 0.0003 0.0008 0.0008 0.0010 0.0013 0.0055 0.0078 0.0134 0.0144 0.0070 0.1240 0.0132 0.0055 0.1148 0.0913 0.0013 0.0176 0.1966 0.0106 0.0015 0.0099
0.0012 0.0009 0.0016 0.0000 0.0000 0.0000 0.0000 0.0000 0.0000 0.0000 0.0000 0.0000 0.0110 0.0024 0.0006 0.0004 0.0012 0.0032 0.0244 0.0101 0.0965 0.7197 0.0709 0.7947 0.9480 0.1080 0.7396 0.1028 0.0429 0.0018 0.0051 0.0021 0.0012 0.0038 0.0004 0.0009 0.0021 0.0005 0.0016 0.0014 0.0016 0.0018 0.0035 0.0054 0.0080 0.0038 0.0041 0.0284 0.0037 0.0017 0.0331 0.0336 0.0004 0.0079 0.0412 0.0021 0.0004 0.0029
0.0173 0.0059 0.0129 0.9098 0.0000 0.0000 0.0000 0.0000 0.0000 0.0000 0.0000 0.0000 0.0000 0.0038 0.0022 0.0008 0.0009 0.0017 0.0046 0.0055 0.0099 0.0219 0.0018 0.0718 0.2229 0.0023 0.1336 0.0084 0.0075 0.0005 0.0007 0.0002 0.0002 0.0006 0.0003 0.0017 0.0025 0.0008 0.0025 0.0017 0.0020 0.0025 0.0025 0.0040 0.0099 0.0029 0.0036 0.0156 0.0043 0.0018 0.0261 0.0273 0.0003 0.0043 0.0180 0.0043 0.0006 0.0023
0.0231 0.0114 0.0565 0.9771 0.9894 0.0000 0.0000 0.0000 0.0000 0.0000 0.0000 0.0000 0.0000 0.0000 0.0069 0.0041 0.0073 0.0168 0.0503 0.0420 0.2003 0.3662 0.0343 0.3467 0.3745 0.0032 0.4963 0.0144 0.0614 0.0016 0.0034 0.0013 0.0011 0.0023 0.0005 0.0016 0.0051 0.0014 0.0081 0.0053 0.0056 0.0075 0.0119 0.0216 0.0645 0.0406 0.0412 0.1678 0.0161 0.0041 0.0996 0.0319 0.0002 0.0044 0.0253 0.0019 0.0002 0.0008
0.2041 0.2631 0.9087 0.9924 0.8877 0.0081 0.0000 0.0000 0.0000 0.0000 0.0000 0.0000 0.0000 0.0000 0.0000 0.0034 0.0040 0.0088 0.0187 0.0460 0.0253 0.0246 0.0010 0.0057 0.0037 0.0002 0.0307 0.0012 0.0200 0.0003 0.0009 0.0003 0.0003 0.0008 0.0002 0.0007 0.0030 0.0021 0.0134 0.0123 0.0157 0.0184 0.0347 0.0431 0.0896 0.0443 0.0105 0.0236 0.0011 0.0003 0.0036 0.0015 0.0000 0.0001 0.0004 0.0001 0.0000 0.0002
0.3520 0.4727 0.9204 0.7698 0.8419 0.0105 0.0044 0.0000 0.0000 0.0000 0.0000 0.0000 0.0000 0.0000 0.0000 0.0000 0.0183 0.0744 0.0708 0.0619 0.0634 0.0462 0.0007 0.0061 0.0123 0.0008 0.6339 0.0332 0.2664 0.0023 0.0060 0.0011 0.0013 0.0016 0.0003 0.0010 0.0037 0.0026 0.0127 0.0114 0.0166 0.0213 0.0494 0.0907 0.0877 0.0761 0.0724 0.2361 0.0068 0.0023 0.0375 0.0050 0.0000 0.0003 0.0019 0.0002 0.0001 0.0006
0.2272 0.1251 0.5115 0.0329 0.1078 0.0083 0.0022 0.0110 0.0000 0.0000 0.0000 0.0000 0.0000 0.0000 0.0000 0.0000 0.0000 0.4082 0.3903 0.2845 0.1374 0.1236 0.0011 0.0524 0.0249 0.0036 0.8312 0.2018 0.7819 0.0167 0.1157 0.0158 0.0276 0.0344 0.0031 0.0055 0.0374 0.0079 0.0467 0.0232 0.0290 0.0385 0.0661 0.1025 0.1085 0.0343 0.0255 0.0308 0.0012 0.0002 0.0022 0.0007 0.0000 0.0001 0.0003 0.0001 0.0001 0.0003
0.0683 0.0415 0.1705 0.0059 0.0114 0.0024 0.0004 0.0024 0.0038 0.0000 0.0000 0.0000 0.0000 0.0000 0.0000 0.0000 0.0000 0.0000 0.1408 0.1088 0.0081 0.0023 0.0002 0.0003 0.0002 0.0009 0.0283 0.0079 0.2587 0.0043 0.0528 0.0113 0.0199 0.0202 0.0063 0.0248 0.0879 0.0250 0.0686 0.0263 0.0194 0.0386 0.0505 0.0756 0.0750 0.0120 0.0162 0.0040 0.0004 0.0001 0.0002 0.0002 0.0000 0.0001 0.0001 0.0001 0.0001 0.0003
0.0209 0.0122 0.0960 0.0066 0.0149 0.0017 0.0003 0.0006 0.0022 0.0069 0.0000 0.0000 0.0000 0.0000 0.0000 0.0000 0.0000 0.0000 0.0000 0.0362 0.0028 0.0003 0.0001 0.0001 0.0001 0.0011 0.0044 0.0084 0.3826 0.0275 0.2007 0.0285 0.0349 0.0223 0.0040 0.0092 0.0253 0.0034 0.0085 0.0022 0.0041 0.0084 0.0081 0.0109 0.0058 0.0017 0.0030 0.0015 0.0003 0.0002 0.0004 0.0001 0.0000 0.0000 0.0000 0.0000 0.0001 0.0002
0.0208 0.0148 0.0843 0.0051 0.0090 0.0041 0.0003 0.0004 0.0008 0.0041 0.0034 0.0000 0.0000 0.0000 0.0000 0.0000 0.0000 0.0000 0.0000 0.0000 0.0104 0.0010 0.0002 0.0002 0.0002 0.0016 0.0057 0.0554 0.7464 0.3256 0.5356 0.0573 0.2285 0.1960 0.0073 0.0177 0.0741 0.0038 0.0041 0.0017 0.0029 0.0117 0.0193 0.0356 0.0157 0.0031 0.0023 0.0008 0.0002 0.0002 0.0008 0.0001 0.0000 0.0001 0.0002 0.0001 0.0005 0.0005
0.0190 0.0089 0.1365 0.0106 0.0216 0.0042 0.0007 0.0012 0.0009 0.0073 0.0040 0.0183 0.0000 0.0000 0.0000 0.0000 0.0000 0.0000 0.0000 0.0000 0.0000 0.0006 0.0001 0.0000 0.0001 0.0011 0.0010 0.0103 0.3430 0.2216 0.7954 0.1216 0.2355 0.1907 0.0070 0.0269 0.1342 0.0079 0.0129 0.0065 0.0065 0.0151 0.0336 0.0717 0.0219 0.0052 0.0026 0.0021 0.0003 0.0002 0.0007 0.0001 0.0000 0.0000 0.0001 0.0001 0.0002 0.0003
0.0183 0.0082 0.0842 0.0037 0.0110 0.0029 0.0010 0.0032 0.0017 0.0168 0.0088 0.0744 0.4082 0.0000 0.0000 0.0000 0.0000 0.0000 0.0000 0.0000 0.0000 0.0000 0.0003 0.0001 0.0001 0.0014 0.0016 0.0129 0.1622 0.3001 0.6384 0.0966 0.0732 0.0370 0.0021 0.0054 0.0206 0.0021 0.0069 0.0023 0.0039 0.0128 0.0106 0.0201 0.0056 0.0029 0.0013 0.0022 0.0004 0.0003 0.0010 0.0003 0.0000 0.0001 0.0002 0.0001 0.0002 0.0005
0.0108 0.0044 0.0291 0.0071 0.0217 0.0125 0.0069 0.0244 0.0046 0.0503 0.0187 0.0708 0.3903 0.1408 0.0000 0.0000 0.0000 0.0000 0.0000 0.0000 0.0000 0.0000 0.0000 0.0007 0.0006 0.0016 0.0152 0.9052 0.8693 0.8882 0.8684 0.1546 0.0333 0.0351 0.0016 0.0106 0.0306 0.0035 0.0149 0.0071 0.0070 0.0544 0.0409 0.0962 0.0124 0.0163 0.0111 0.0106 0.0012 0.0010 0.0039 0.0009 0.0001 0.0004 0.0013 0.0001 0.0007 0.0019
0.0313 0.0433 0.0949 0.0353 0.0888 0.0296 0.0067 0.0101 0.0055 0.0420 0.0460 0.0619 0.2845 0.1088 0.0362 0.0000 0.0000 0.0000 0.0000 0.0000 0.0000 0.0000 0.0000 0.0000 0.0010 0.0027 0.1991 0.9727 0.9867 0.6278 0.4435 0.1441 0.0426 0.0285 0.0023 0.0051 0.0282 0.0063 0.0164 0.0070 0.0087 0.0188 0.0182 0.0413 0.0066 0.0043 0.0051 0.0030 0.0004 0.0004 0.0013 0.0010 0.0001 0.0006 0.0010 0.0002 0.0007 0.0023
0.0151 0.0246 0.0403 0.0395 0.2155 0.0420 0.0387 0.0965 0.0099 0.2003 0.0253 0.0634 0.1374 0.0081 0.0028 0.0104 0.0000 0.0000 0.0000 0.0000 0.0000 0.0000 0.0000 0.0000 0.0000 0.8484 0.9775 0.9864 0.6868 0.0255 0.0027 0.0031 0.0017 0.0008 0.0001 0.0003 0.0012 0.0003 0.0014 0.0016 0.0015 0.0042 0.0234 0.0685 0.0040 0.0147 0.0282 0.0515 0.0014 0.0005 0.0098 0.0059 0.0001 0.0016 0.0073 0.0003 0.0006 0.0045
0.0358 0.0817 0.1764 0.5132 0.8379 0.1042 0.5545 0.7197 0.0219 0.3662 0.0246 0.0462 0.1236 0.0023 0.0003 0.0010 0.0006 0.0000 0.0000 0.0000 0.0000 0.0000 0.0000 0.0000 0.0000 0.0000 0.9848 0.8081 0.6495 0.0104 0.0010 0.0021 0.0026 0.0026 0.0002 0.0004 0.0031 0.0004 0.0033 0.0028 0.0017 0.0078 0.0376 0.0855 0.0112 0.0260 0.0487 0.1510 0.0068 0.0022 0.0585 0.0417 0.0006 0.0059 0.0275 0.0010 0.0008 0.0054
0.2275 0.5216 0.4765 0.6991 0.4245 0.0144 0.0270 0.0709 0.0018 0.0343 0.0010 0.0007 0.0011 0.0002 0.0001 0.0002 0.0001 0.0003 0.0000 0.0000 0.0000 0.0000 0.0000 0.0000 0.0000 0.0000 0.0000 0.0122 0.0031 0.0003 0.0003 0.0002 0.0002 0.0004 0.0002 0.0002 0.0010 0.0003 0.0013 0.0010 0.0015 0.0011 0.0062 0.0176 0.0068 0.0039 0.0065 0.0098 0.0010 0.0005 0.0079 0.0065 0.0003 0.0050 0.0161 0.0011 0.0008 0.0041
0.1493 0.3355 0.2748 0.8691 0.9455 0.1038 0.3346 0.7947 0.0718 0.3467 0.0057 0.0061 0.0524 0.0003 0.0001 0.0002 0.0000 0.0001 0.0007 0.0000 0.0000 0.0000 0.0000 0.0000 0.0000 0.0000 0.0000 0.0000 0.0014 0.0011 0.0008 0.0007 0.0004 0.0003 0.0001 0.0001 0.0005 0.0001 0.0006 0.0007 0.0006 0.0009 0.0034 0.0134 0.0008 0.0009 0.0029 0.0068 0.0006 0.0003 0.0117 0.0112 0.0001 0.0079 0.0299 0.0009 0.0005 0.0054
0.0611 0.0868 0.0221 0.1705 0.9089 0.1803 0.7944 0.9480 0.2229 0.3745 0.0037 0.0123 0.0249 0.0002 0.0001 0.0002 0.0001 0.0001 0.0006 0.0010 0.0000 0.0000 0.0000 0.0000 0.0000 0.0000 0.0000 0.0000 0.0000 0.0043 0.0008 0.0005 0.0004 0.0003 0.0002 0.0001 0.0003 0.0000 0.0005 0.0003 0.0004 0.0005 0.0071 0.0697 0.0061 0.0075 0.0743 0.2645 0.0061 0.0148 0.5294 0.3615 0.0011 0.0393 0.3448 0.0018 0.0004 0.0087
0.0382 0.0707 0.0130 0.0475 0.1116 0.0085 0.0456 0.1080 0.0023 0.0032 0.0002 0.0008 0.0036 0.0009 0.0011 0.0016 0.0011 0.0014 0.0016 0.0027 0.8484 0.0000 0.0000 0.0000 0.0000 0.0000 0.0000 0.0000 0.0000 0.0000 0.0045 0.0026 0.0012 0.0018 0.0012 0.0006 0.0016 0.0004 0.0011 0.0005 0.0005 0.0004 0.0023 0.0100 0.0021 0.0007 0.0089 0.0371 0.0015 0.0010 0.1040 0.0567 0.0007 0.0083 0.0452 0.0016 0.0004 0.0051
0.0168 0.0158 0.0118 0.0797 0.4106 0.1314 0.2400 0.7396 0.1336 0.4963 0.0307 0.6339 0.8312 0.0283 0.0044 0.0057 0.0010 0.0016 0.0152 0.1991 0.9775 0.9848 0.0000 0.0000 0.0000 0.0000 0.0000 0.0000 0.0000 0.0000 0.0000 0.0159 0.0064 0.0053 0.0022 0.0007 0.0053 0.0017 0.0170 0.0023 0.0084 0.0038 0.0489 0.6563 0.0713 0.0241 0.5692 0.8995 0.0118 0.0288 0.7489 0.2370 0.0005 0.0056 0.0845 0.0007 0.0001 0.0011
0.0068 0.0095 0.0096 0.0455 0.1779 0.0982 0.1078 0.1028 0.0084 0.0144 0.0012 0.0332 0.2018 0.0079 0.0084 0.0554 0.0103 0.0129 0.9052 0.9727 0.9864 0.8081 0.0122 0.0000 0.0000 0.0000 0.0000 0.0000 0.0000 0.0000 0.0000 0.0000 0.0101 0.0074 0.0043 0.0017 0.0066 0.0040 0.0165 0.0039 0.0104 0.0021 0.0341 0.2625 0.0239 0.0062 0.1823 0.2221 0.0005 0.0006 0.0148 0.0060 0.0001 0.0005 0.0021 0.0001 0.0000 0.0002
0.0094 0.0088 0.0101 0.0421 0.0478 0.0508 0.0246 0.0429 0.0075 0.0614 0.0200 0.2664 0.7819 0.2587 0.3826 0.7464 0.3430 0.1622 0.8693 0.9867 0.6868 0.6495 0.0031 0.0014 0.0000 0.0000 0.0000 0.0000 0.0000 0.0000 0.0000 0.0000 0.0000 0.0630 0.0070 0.0029 0.0265 0.0196 0.1509 0.0688 0.3267 0.0781 0.3535 0.8165 0.2526 0.0554 0.5446 0.4418 0.0024 0.0021 0.0278 0.0164 0.0001 0.0002 0.0005 0.0001 0.0000 0.0001
0.0030 0.0025 0.0042 0.0210 0.0065 0.0063 0.0012 0.0018 0.0005 0.0016 0.0003 0.0023 0.0167 0.0043 0.0275 0.3256 0.2216 0.3001 0.8882 0.6278 0.0255 0.0104 0.0003 0.0011 0.0043 0.0000 0.0000 0.0000 0.0000 0.0000 0.0000 0.0000 0.0000 0.0000 0.0174 0.0078 0.0214 0.0237 0.2230 0.0814 0.1626 0.0420 0.1376 0.4920 0.0320 0.0235 0.2573 0.1065 0.0015 0.0007 0.0033 0.0046 0.0001 0.0001 0.0007 0.0001 0.0000 0.0001
0.0081 0.0107 0.0099 0.0466 0.0057 0.0121 0.0018 0.0051 0.0007 0.0034 0.0009 0.0060 0.1157 0.0528 0.2007 0.5356 0.7954 0.6384 0.8684 0.4435 0.0027 0.0010 0.0003 0.0008 0.0008 0.0045 0.0000 0.0000 0.0000 0.0000 0.0000 0.0000 0.0000 0.0000 0.0000 0.0584 0.1227 0.0298 0.1647 0.0525 0.0859 0.0238 0.0386 0.1112 0.0040 0.0027 0.0679 0.0513 0.0059 0.0135 0.0084 0.0174 0.0003 0.0011 0.0017 0.0014 0.0000 0.0001
0.0046 0.0056 0.0079 0.0313 0.0046 0.0196 0.0010 0.0021 0.0002 0.0013 0.0003 0.0011 0.0158 0.0113 0.0285 0.0573 0.1216 0.0966 0.1546 0.1441 0.0031 0.0021 0.0002 0.0007 0.0005 0.0026 0.0159 0.0000 0.0000 0.0000 0.0000 0.0000 0.0000 0.0000 0.0000 0.0000 0.6683 0.1807 0.6272 0.0780 0.0808 0.0141 0.0255 0.0848 0.0031 0.0043 0.1100 0.0481 0.0044 0.0059 0.0017 0.0071 0.0001 0.0002 0.0002 0.0002 0.0000 0.0001
0.0033 0.0025 0.0036 0.0150 0.0018 0.0094 0.0004 0.0012 0.0002 0.0011 0.0003 0.0013 0.0276 0.0199 0.0349 0.2285 0.2355 0.0732 0.0333 0.0426 0.0017 0.0026 0.0002 0.0004 0.0004 0.0012 0.0064 0.0101 0.0000 0.0000 0.0000 0.0000 0.0000 0.0000 0.0000 0.0000 0.0000 0.1271 0.4052 0.0460 0.0297 0.0096 0.0097 0.0237 0.0024 0.0031 0.0345 0.0299 0.0112 0.0069 0.0016 0.0181 0.0003 0.0001 0.0007 0.0009 0.0000 0.0001
0.0085 0.0085 0.0049 0.0425 0.0030 0.0324 0.0011 0.0038 0.0006 0.0023 0.0008 0.0016 0.0344 0.0202 0.0223 0.1960 0.1907 0.0370 0.0351 0.0285 0.0008 0.0026 0.0004 0.0003 0.0003 0.0018 0.0053 0.0074 0.0630 0.0000 0.0000 0.0000 0.0000 0.0000 0.0000 0.0000 0.0000 0.0000 0.0389 0.0066 0.0020 0.0021 0.0045 0.0172 0.0041 0.0079 0.0529 0.0743 0.0195 0.0039 0.0010 0.0126 0.0005 0.0001 0.0002 0.0006 0.0000 0.0001
0.0130 0.0181 0.0086 0.0246 0.0014 0.0045 0.0002 0.0004 0.0003 0.0005 0.0002 0.0003 0.0031 0.0063 0.0040 0.0073 0.0070 0.0021 0.0016 0.0023 0.0001 0.0002 0.0002 0.0001 0.0002 0.0012 0.0022 0.0043 0.0070 0.0174 0.0000 0.0000 0.0000 0.0000 0.0000 0.0000 0.0000 0.0000 0.0000 0.0063 0.0021 0.0014 0.0029 0.0078 0.0033 0.0206 0.0448 0.0344 0.0201 0.0022 0.0003 0.0071 0.0017 0.0001 0.0002 0.0013 0.0001 0.0001
0.0087 0.0101 0.0024 0.0083 0.0007 0.0053 0.0006 0.0009 0.0017 0.0016 0.0007 0.0010 0.0055 0.0248 0.0092 0.0177 0.0269 0.0054 0.0106 0.0051 0.0003 0.0004 0.0002 0.0001 0.0001 0.0006 0.0007 0.0017 0.0029 0.0078 0.0584 0.0000 0.0000 0.0000 0.0000 0.0000 0.0000 0.0000 0.0000 0.0000 0.0196 0.0105 0.0120 0.0335 0.0089 0.0505 0.0455 0.0308 0.0830 0.0042 0.0007 0.0066 0.0030 0.0002 0.0002 0.0015 0.0000 0.0001
0.0051 0.0036 0.0027 0.0078 0.0012 0.0071 0.0011 0.0021 0.0025 0.0051 0.0030 0.0037 0.0374 0.0879 0.0253 0.0741 0.1342 0.0206 0.0306 0.0282 0.0012 0.0031 0.0010 0.0005 0.0003 0.0016 0.0053 0.0066 0.0265 0.0214 0.1227 0.6683 0.0000 0.0000 0.0000 0.0000 0.0000 0.0000 0.0000 0.0000 0.0000 0.0506 0.1149 0.1791 0.0967 0.2196 0.5324 0.3735 0.5656 0.0299 0.0091 0.0304 0.0128 0.0025 0.0025 0.0018 0.0001 0.0001
0.0062 0.0057 0.0038 0.0054 0.0005 0.0058 0.0003 0.0005 0.0008 0.0014 0.0021 0.0026 0.0079 0.0250 0.0034 0.0038 0.0079 0.0021 0.0035 0.0063 0.0003 0.0004 0.0003 0.0001 0.0000 0.0004 0.0017 0.0040 0.0196 0.0237 0.0298 0.1807 0.1271 0.0000 0.0000 0.0000 0.0000 0.0000 0.0000 0.0000 0.0000 0.0000 0.1690 0.3299 0.1724 0.3443 0.5078 0.1045 0.4810 0.0108 0.0046 0.0055 0.0036 0.0015 0.0004 0.0018 0.0001 0.0001
0.0194 0.0148 0.0113 0.0068 0.0010 0.0103 0.0008 0.0016 0.0025 0.0081 0.0134 0.0127 0.0467 0.0686 0.0085 0.0041 0.0129 0.0069 0.0149 0.0164 0.0014 0.0033 0.0013 0.0006 0.0005 0.0011 0.0170 0.0165 0.1509 0.2230 0.1647 0.6272 0.4052 0.0389 0.0000 0.0000 0.0000 0.0000 0.0000 0.0000 0.0000 0.0000 0.0000 0.5654 0.3201 0.1998 0.4087 0.0316 0.0847 0.0374 0.0057 0.0011 0.0014 0.0014 0.0001 0.0003 0.0000 0.0001
0.0183 0.0059 0.0036 0.0047 0.0005 0.0063 0.0008 0.0014 0.0017 0.0053 0.0123 0.0114 0.0232 0.0263 0.0022 0.0017 0.0065 0.0023 0.0071 0.0070 0.0016 0.0028 0.0010 0.0007 0.0003 0.0005 0.0023 0.0039 0.0688 0.0814 0.0525 0.0780 0.0460 0.0066 0.0063 0.0000 0.0000 0.0000 0.0000 0.0000 0.0000 0.0000 0.0000 0.0000 0.1148 0.0920 0.1805 0.0145 0.0256 0.0510 0.0033 0.0003 0.0009 0.0014 0.0002 0.0004 0.0001 0.0002
0.0149 0.0058 0.0033 0.0030 0.0003 0.0042 0.0010 0.0016 0.0020 0.0056 0.0157 0.0166 0.0290 0.0194 0.0041 0.0029 0.0065 0.0039 0.0070 0.0087 0.0015 0.0017 0.0015 0.0006 0.0004 0.0005 0.0084 0.0104 0.3267 0.1626 0.0859 0.0808 0.0297 0.0020 0.0021 0.0196 0.0000 0.0000 0.0000 0.0000 0.0000 0.0000 0.0000 0.0000 0.0000 0.1753 0.2105 0.0463 0.0415 0.0477 0.0148 0.0010 0.0025 0.0023 0.0002 0.0001 0.0001 0.0001
0.0184 0.0055 0.0055 0.0085 0.0009 0.0045 0.0013 0.0018 0.0025 0.0075 0.0184 0.0213 0.0385 0.0386 0.0084 0.0117 0.0151 0.0128 0.0544 0.0188 0.0042 0.0078 0.0011 0.0009 0.0005 0.0004 0.0038 0.0021 0.0781 0.0420 0.0238 0.0141 0.0096 0.0021 0.0014 0.0105 0.0506 0.0000 0.0000 0.0000 0.0000 0.0000 0.0000 0.0000 0.0000 0.0000 0.1259 0.0275 0.0069 0.0129 0.0145 0.0005 0.0005 0.0014 0.0001 0.0000 0.0000 0.0001
0.0136 0.0042 0.0037 0.0091 0.0020 0.0110 0.0055 0.0035 0.0025 0.0119 0.0347 0.0494 0.0661 0.0505 0.0081 0.0193 0.0336 0.0106 0.0409 0.0182 0.0234 0.0376 0.0062 0.0034 0.0071 0.0023 0.0489 0.0341 0.3535 0.1376 0.0386 0.0255 0.0097 0.0045 0.0029 0.0120 0.1149 0.1690 0.0000 0.0000 0.0000 0.0000 0.0000 0.0000 0.0000 0.0000 0.0000 0.0184 0.0071 0.0124 0.0398 0.0009 0.0009 0.0033 0.0002 0.0000 0.0000 0.0001
0.0156 0.0035 0.0089 0.0075 0.0027 0.0089 0.0078 0.0054 0.0040 0.0216 0.0431 0.0907 0.1025 0.0756 0.0109 0.0356 0.0717 0.0201 0.0962 0.0413 0.0685 0.0855 0.0176 0.0134 0.0697 0.0100 0.6563 0.2625 0.8165 0.4920 0.1112 0.0848 0.0237 0.0172 0.0078 0.0335 0.1791 0.3299 0.5654 0.0000 0.0000 0.0000 0.0000 0.0000 0.0000 0.0000 0.0000 0.0000 0.0106 0.0062 0.0227 0.0005 0.0008 0.0048 0.0002 0.0000 0.0000 0.0001
0.0657 0.0222 0.0177 0.0161 0.0035 0.0189 0.0134 0.0080 0.0099 0.0645 0.0896 0.0877 0.1085 0.0750 0.0058 0.0157 0.0219 0.0056 0.0124 0.0066 0.0040 0.0112 0.0068 0.0008 0.0061 0.0021 0.0713 0.0239 0.2526 0.0320 0.0040 0.0031 0.0024 0.0041 0.0033 0.0089 0.0967 0.1724 0.3201 0.1148 0.0000 0.0000 0.0000 0.0000 0.0000 0.0000 0.0000 0.0000 0.0000 0.0292 0.0123 0.0000 0.0006 0.0017 0.0000 0.0000 0.0000 0.0001
0.0333 0.0031 0.0110 0.0029 0.0028 0.0048 0.0144 0.0038 0.0029 0.0406 0.0443 0.0761 0.0343 0.0120 0.0017 0.0031 0.0052 0.0029 0.0163 0.0043 0.0147 0.0260 0.0039 0.0009 0.0075 0.0007 0.0241 0.0062 0.0554 0.0235 0.0027 0.0043 0.0031 0.0079 0.0206 0.0505 0.2196 0.3443 0.1998 0.0920 0.1753 0.0000 0.0000 0.0000 0.0000 0.0000 0.0000 0.0000 0.0000 0.0000 0.9828 0.0001 0.0006 0.6340 0.0013 0.0001 0.0000 0.0001
0.0036 0.0007 0.0016 0.0016 0.0008 0.0019 0.0070 0.0041 0.0036 0.0412 0.0105 0.0724 0.0255 0.0162 0.0030 0.0023 0.0026 0.0013 0.0111 0.0051 0.0282 0.0487 0.0065 0.0029 0.0743 0.0089 0.5692 0.1823 0.5446 0.2573 0.0679 0.1100 0.0345 0.0529 0.0448 0.0455 0.5324 0.5078 0.4087 0.1805 0.2105 0.1259 0.0000 0.0000 0.0000 0.0000 0.0000 0.0000 0.0000 0.0000 0.0000 0.0005 0.0001 0.0003 0.0001 0.0000 0.0000 0.0000
0.0090 0.0010 0.0169 0.0018 0.0173 0.0087 0.1240 0.0284 0.0156 0.1678 0.0236 0.2361 0.0308 0.0040 0.0015 0.0008 0.0021 0.0022 0.0106 0.0030 0.0515 0.1510 0.0098 0.0068 0.2645 0.0371 0.8995 0.2221 0.4418 0.1065 0.0513 0.0481 0.0299 0.0743 0.0344 0.0308 0.3735 0.1045 0.0316 0.0145 0.0463 0.0275 0.0184 0.0000 0.0000 0.0000 0.0000 0.0000 0.0000 0.0000 0.0000 0.0000 0.0000 0.0001 0.0000 0.0001 0.0000 0.0000
0.0106 0.0028 0.0079 0.0014 0.0022 0.0025 0.0132 0.0037 0.0043 0.0161 0.0011 0.0068 0.0012 0.0004 0.0003 0.0002 0.0003 0.0004 0.0012 0.0004 0.0014 0.0068 0.0010 0.0006 0.0061 0.0015 0.0118 0.0005 0.0024 0.0015 0.0059 0.0044 0.0112 0.0195 0.0201 0.0830 0.5656 0.4810 0.0847 0.0256 0.0415 0.0069 0.0071 0.0106 0.0000 0.0000 0.0000 0.0000 0.0000 0.0000 0.0000 0.0000 0.0000 0.0000 0.0000 0.0000 0.0000 0.0001
0.0037 0.0002 0.0006 0.0003 0.0006 0.0007 0.0055 0.0017 0.0018 0.0041 0.0003 0.0023 0.0002 0.0001 0.0002 0.0002 0.0002 0.0003 0.0010 0.0004 0.0005 0.0022 0.0005 0.0003 0.0148 0.0010 0.0288 0.0006 0.0021 0.0007 0.0135 0.0059 0.0069 0.0039 0.0022 0.0042 0.0299 0.0108 0.0374 0.0510 0.0477 0.0129 0.0124 0.0062 0.0292 0.0000 0.0000 0.0000 0.0000 0.0000 0.0000 0.0000 0.0000 0.0000 0.0001 0.0001 0.0000 0.0001
0.0037 0.0006 0.0040 0.0012 0.0122 0.0069 0.1148 0.0331 0.0261 0.0996 0.0036 0.0375 0.0022 0.0002 0.0004 0.0008 0.0007 0.0010 0.0039 0.0013 0.0098 0.0585 0.0079 0.0117 0.5294 0.1040 0.7489 0.0148 0.0278 0.0033 0.0084 0.0017 0.0016 0.0010 0.0003 0.0007 0.0091 0.0046 0.0057 0.0033 0.0148 0.0145 0.0398 0.0227 0.0123 0.9828 0.0000 0.0000 0.0000 0.0000 0.0000 0.0000 0.0000 0.0000 0.0000 0.0004 0.0000 0.0001
0.0051 0.0029 0.0117 0.0040 0.0168 0.0121 0.0913 0.0336 0.0273 0.0319 0.0015 0.0050 0.0007 0.0002 0.0001 0.0001 0.0001 0.0003 0.0009 0.0010 0.0059 0.0417 0.0065 0.0112 0.3615 0.0567 0.2370 0.0060 0.0164 0.0046 0.0174 0.0071 0.0181 0.0126 0.0071 0.0066 0.0304 0.0055 0.0011 0.0003 0.0010 0.0005 0.0009 0.0005 0.0000 0.0001 0.0005 0.0000 0.0000 0.0000 0.0000 0.0000 0.0000 0.0000 0.0000 0.0000 0.0002 0.0004
0.0037 0.0013 0.0015 0.0002 0.0006 0.0004 0.0013 0.0004 0.0003 0.0002 0.0000 0.0000 0.0000 0.0000 0.0000 0.0000 0.0000 0.0000 0.0001 0.0001 0.0001 0.0006 0.0003 0.0001 0.0011 0.0007 0.0005 0.0001 0.0001 0.0001 0.0003 0.0001 0.0003 0.0005 0.0017 0.0030 0.0128 0.0036 0.0014 0.0009 0.0025 0.0005 0.0009 0.0008 0.0006 0.0006 0.0001 0.0000 0.0000 0.0000 0.0000 0.0000 0.0000 0.0000 0.0000 0.0000 0.0000 0.0041
0.0065 0.0033 0.0038 0.0009 0.0026 0.0023 0.0176 0.0079 0.0043 0.0044 0.0001 0.0003 0.0001 0.0001 0.0000 0.0001 0.0000 0.0001 0.0004 0.0006 0.0016 0.0059 0.0050 0.0079 0.0393 0.0083 0.0056 0.0005 0.0002 0.0001 0.0011 0.0002 0.0001 0.0001 0.0001 0.0002 0.0025 0.0015 0.0014 0.0014 0.0023 0.0014 0.0033 0.0048 0.0017 0.6340 0.0003 0.0001 0.0000 0.0000 0.0000 0.0000 0.0000 0.0000 0.0000 0.0000 0.0000 0.0000
0.0030 0.0036 0.0164 0.0047 0.0396 0.0224 0.1966 0.0412 0.0180 0.0253 0.0004 0.0019 0.0003 0.0001 0.0000 0.0002 0.0001 0.0002 0.0013 0.0010 0.0073 0.0275 0.0161 0.0299 0.3448 0.0452 0.0845 0.0021 0.0005 0.0007 0.0017 0.0002 0.0007 0.0002 0.0002 0.0002 0.0025 0.0004 0.0001 0.0002 0.0002 0.0001 0.0002 0.0002 0.0000 0.0013 0.0001 0.0000 0.0000 0.0001 0.0000 0.0000 0.0000 0.0000 0.0000 0.0000 0.0000 0.0000
0.0070 0.0089 0.0108 0.0039 0.0116 0.0074 0.0106 0.0021 0.0043 0.0019 0.0001 0.0002 0.0001 0.0001 0.0000 0.0001 0.0001 0.0001 0.0001 0.0002 0.0003 0.0010 0.0011 0.0009 0.0018 0.0016 0.0007 0.0001 0.0001 0.0001 0.0014 0.0002 0.0009 0.0006 0.0013 0.0015 0.0018 0.0018 0.0003 0.0004 0.0001 0.0000 0.0000 0.0000 0.0000 0.0001 0.0000 0.0001 0.0000 0.0001 0.0004 0.0000 0.0000 0.0000 0.0000 0.0000 0.0000 0.0000
0.0044 0.0067 0.0026 0.0015 0.0024 0.0027 0.0015 0.0004 0.0006 0.0002 0.0000 0.0001 0.0001 0.0001 0.0001 0.0005 0.0002 0.0002 0.0007 0.0007 0.0006 0.0008 0.0008 0.0005 0.0004 0.0004 0.0001 0.0000 0.0000 0.0000 0.0000 0.0000 0.0000 0.0000 0.0001 0.0000 0.0001 0.0001 0.0000 0.0001 0.0001 0.0000 0.0000 0.0000 0.0000 0.0000 0.0000 0.0000 0.0000 0.0000 0.0000 0.0002 0.0000 0.0000 0.0000 0.0000 0.0000 0.0000
0.0053 0.0076 0.0054 0.0038 0.0080 0.0104 0.0099 0.0029 0.0023 0.0008 0.0002 0.0006 0.0003 0.0003 0.0002 0.0005 0.0003 0.0005 0.0019 0.0023 0.0045 0.0054 0.0041 0.0054 0.0087 0.0051 0.0011 0.0002 0.0001 0.0001 0.0001 0.0001 0.0001 0.0001 0.0001 0.0001 0.0001 0.0001 0.0001 0.0002 0.0001 0.0001 0.0001 0.0001 0.0001 0.0001 0.0000 0.0000 0.0001 0.0001 0.0001 0.0004 0.0041 0.0000 0.0000 0.0000 0.0000 0.0000
