0.0001 0.0003 0.0002 0.0034 0.0001 0.0278 0.0112 0.0097 0.0232 0.0015 0.0005 0.0009 0.0004 0.0000 0.0000 0.0000 0.0000 0.0000 0.0000 0.0000 0.0000 0.0000 0.0000 0.0002 0.0002 0.0001 0.0001 0.0102 0.0075 0.0013 0.0003 0.0095 0.0006 0.0001 0.0008 0.0029 0.0022 0.0015 0.0019 0.0007 0.0001 0.0002 0.0001 0.0000 0.0000 0.0010 0.0003 0.0001 0.0008 0.0004 0.0006 0.0015 0.0030 0.0003 0.0047 0.0576 0.0013 0.0007 0.0025 0.0026 0.0070 0.0152 0.0131 0.0345 0.0067 0.0033 0.0017 0.0001 0.0000 0.0001 0.0001 0.0001 0.0005 0.0000 0.0006 0.0004 0.0090 0.0059 0.0118 0.0104
0.0003 0.0000 0.0000 0.0001 0.0000 0.0000 0.0481 0.0087 0.0130 0.0046 0.0005 0.0003 0.0000 0.0000 0.0000 0.0000 0.0000 0.0000 0.0000 0.0000 0.0000 0.0000 0.0000 0.0000 0.0000 0.0001 0.0000 0.0018 0.0022 0.0004 0.0001 0.0032 0.0012 0.0000 0.0009 0.0104 0.0010 0.0053 0.0006 0.0010 0.0001 0.0000 0.0001 0.0000 0.0000 0.0000 0.0002 0.0000 0.0002 0.0001 0.0002 0.0008 0.0010 0.0002 0.0179 0.0444 0.0021 0.0013 0.0112 0.0086 0.0010 0.0052 0.0010 0.0010 0.0003 0.0017 0.0007 0.0001 0.0000 0.0000 0.0000 0.0001 0.0000 0.0000 0.0012 0.0023 0.0344 0.0255 0.0537 0.0331
0.0002 0.0000 0.0000 0.0000 0.0000 0.0000 0.0000 0.0249 0.0008 0.0009 0.0001 0.0000 0.0000 0.0000 0.0000 0.0000 0.0000 0.0000 0.0000 0.0000 0.0000 0.0000 0.0000 0.0000 0.0000 0.0000 0.0000 0.0001 0.0001 0.0003 0.0000 0.0003 0.0002 0.0001 0.0003 0.0002 0.0003 0.0004 0.0001 0.0000 0.0000 0.0000 0.0000 0.0000 0.0000 0.0000 0.0000 0.0000 0.0001 0.0000 0.0003 0.0002 0.0003 0.0001 0.0035 0.0185 0.0002 0.0000 0.0046 0.0078 0.0004 0.0018 0.0001 0.0002 0.0000 0.0000 0.0000 0.0000 0.0000 0.0000 0.0000 0.0000 0.0000 0.0001 0.0006 0.0030 0.1409 0.0630 0.1281 0.1294
0.0034 0.0001 0.0000 0.0000 0.0000 0.0000 0.0000 0.0000 0.0030 0.0003 0.0002 0.0000 0.0000 0.0000 0.0000 0.0000 0.0000 0.0000 0.0000 0.0000 0.0000 0.0000 0.0000 0.0000 0.0000 0.0131 0.0000 0.1576 0.0025 0.0223 0.0025 0.0052 0.0030 0.0049 0.1378 0.0349 0.0544 0.0063 0.0000 0.0006 0.0000 0.0002 0.0000 0.0002 0.0003 0.0000 0.0000 0.0011 0.0008 0.0000 0.0009 0.0370 0.0046 0.0007 0.0947 0.2369 0.0007 0.0009 0.0481 0.0565 0.0145 0.0835 0.0201 0.1830 0.0003 0.0141 0.0001 0.0005 0.0000 0.0000 0.0000 0.0000 0.0000 0.0004 0.0090 0.0042 0.3176 0.0420 0.0689 0.1378
0.0001 0.0000 0.0000 0.0000 0.0000 0.0000 0.0000 0.0000 0.0000 0.0002 0.0000 0.0001 0.0000 0.0000 0.0000 0.0000 0.0000 0.0000 0.0000 0.0000 0.0000 0.0000 0.0000 0.0000 0.0000 0.0020 0.0000 0.0015 0.0000 0.0003 0.0000 0.0003 0.0001 0.0003 0.0339 0.0104 0.0396 0.0023 0.0008 0.0050 0.0000 0.0003 0.0000 0.0004 0.0006 0.0006 0.0000 0.0002 0.0142 0.0001 0.0000 0.0271 0.0033 0.0000 0.0020 0.0111 0.0000 0.0000 0.0006 0.0008 0.0011 0.0098 0.0045 0.0666 0.0006 0.0088 0.0000 0.0001 0.0000 0.0000 0.0000 0.0000 0.0000 0.0000 0.0004 0.0001 0.0129 0.0004 0.0008 0.0007
0.0278 0.0000 0.0000 0.0000 0.0000 0.0000 0.0000 0.0000 0.0000 0.0000 0.0005 0.0000 0.0000 0.0000 0.0000 0.0000 0.0000 0.0000 0.0000 0.0000 0.0000 0.0000 0.0000 0.0001 0.0000 0.0001 0.0000 0.0001 0.0000 0.0000 0.0000 0.0001 0.0003 0.0000 0.0000 0.0002 0.0002 0.0003 0.0000 0.0000 0.0000 0.0001 0.0000 0.0000 0.0000 0.0000 0.0000 0.0000 0.0001 0.0000 0.0000 0.0001 0.0001 0.0000 0.0001 0.0004 0.0001 0.0000 0.0000 0.0001 0.0001 0.0003 0.0000 0.0000 0.0000 0.0000 0.0000 0.0000 0.0000 0.0000 0.0000 0.0000 0.0000 0.0000 0.0000 0.0002 0.0954 0.0391 0.0385 0.0336
0.0112 0.0481 0.0000 0.0000 0.0000 0.0000 0.0000 0.0000 0.0000 0.0000 0.0000 0.0001 0.0000 0.0002 0.0000 0.0000 0.0000 0.0000 0.0000 0.0000 0.0000 0.0000 0.0000 0.0001 0.0002 0.0112 0.0005 0.0103 0.0001 0.0013 0.0001 0.0020 0.0013 0.0004 0.0340 0.0004 0.0049 0.0033 0.0001 0.0002 0.0000 0.0001 0.0000 0.0005 0.0001 0.0000 0.0000 0.0004 0.0003 0.0000 0.0010 0.0919 0.0015 0.0002 0.0706 0.0279 0.0002 0.0000 0.0022 0.0031 0.0002 0.0081 0.0010 0.0605 0.0002 0.0212 0.0000 0.0003 0.0002 0.0001 0.0000 0.0000 0.0000 0.0001 0.0140 0.0097 0.4884 0.2207 0.0585 0.0772
0.0097 0.0087 0.0249 0.0000 0.0000 0.0000 0.0000 0.0000 0.0000 0.0000 0.0000 0.0000 0.0001 0.0000 0.0031 0.0001 0.0000 0.0000 0.0001 0.0000 0.0000 0.0006 0.0009 0.0276 0.0020 0.5742 0.0012 0.0235 0.0000 0.0000 0.0000 0.0004 0.0001 0.0006 0.1125 0.0088 0.0428 0.0024 0.0001 0.0109 0.0000 0.0000 0.0000 0.0008 0.0245 0.0010 0.0000 0.0252 0.1784 0.0002 0.0005 0.6401 0.0110 0.0000 0.0156 0.0080 0.0000 0.0001 0.0002 0.0005 0.0000 0.0001 0.0005 0.0723 0.0003 0.1971 0.0001 0.0012 0.0000 0.0000 0.0000 0.0000 0.0001 0.0000 0.1062 0.0010 0.1929 0.0025 0.0062 0.0007
0.0232 0.0130 0.0008 0.0030 0.0000 0.0000 0.0000 0.0000 0.0000 0.0000 0.0000 0.0000 0.0000 0.0000 0.0004 0.0006 0.0001 0.0001 0.0001 0.0001 0.0000 0.0000 0.0001 0.0008 0.0007 0.0040 0.0000 0.0001 0.0000 0.0000 0.0000 0.0000 0.0000 0.0000 0.0000 0.0000 0.0023 0.0001 0.0000 0.0007 0.0002 0.0002 0.0002 0.0012 0.0036 0.0019 0.0001 0.0015 0.0519 0.0011 0.0003 0.0025 0.0003 0.0000 0.0001 0.0003 0.0000 0.0000 0.0000 0.0000 0.0000 0.0000 0.0000 0.0000 0.0001 0.0041 0.0000 0.0003 0.0000 0.0000 0.0000 0.0000 0.0000 0.0000 0.0001 0.0000 0.0070 0.0011 0.0037 0.0001
0.0015 0.0046 0.0009 0.0003 0.0002 0.0000 0.0000 0.0000 0.0000 0.0000 0.0000 0.0000 0.0000 0.0000 0.0010 0.0001 0.0001 0.0000 0.0001 0.0000 0.0000 0.0000 0.0000 0.0002 0.0001 0.0000 0.0000 0.0000 0.0000 0.0000 0.0000 0.0000 0.0000 0.0000 0.0000 0.0000 0.0001 0.0001 0.0000 0.0000 0.0000 0.0001 0.0000 0.0000 0.0001 0.0000 0.0001 0.0000 0.0000 0.0000 0.0004 0.0001 0.0000 0.0000 0.0001 0.0001 0.0000 0.0000 0.0000 0.0000 0.0000 0.0000 0.0001 0.0001 0.0001 0.0010 0.0000 0.0001 0.0000 0.0000 0.0001 0.0001 0.0001 0.0000 0.0005 0.0008 0.0087 0.0027 0.0051 0.0105
0.0005 0.0005 0.0001 0.0002 0.0000 0.0005 0.0000 0.0000 0.0000 0.0000 0.0000 0.0000 0.0000 0.0000 0.0000 0.0034 0.0002 0.0006 0.0029 0.0018 0.0000 0.0667 0.0015 0.1843 0.0004 0.0115 0.0000 0.0002 0.0000 0.0000 0.0000 0.0009 0.0000 0.0004 0.0206 0.0026 0.1347 0.0347 0.0007 0.0176 0.0000 0.0002 0.0000 0.0079 0.0446 0.0004 0.0001 0.2934 0.0209 0.0000 0.0128 0.0800 0.0002 0.0000 0.0013 0.0016 0.0000 0.0002 0.0001 0.0000 0.0000 0.0002 0.0004 0.0083 0.0004 0.1300 0.0017 0.0200 0.0011 0.0001 0.0003 0.0002 0.0010 0.0009 0.0963 0.0045 0.1167 0.0013 0.0107 0.0303
0.0009 0.0003 0.0000 0.0000 0.0001 0.0000 0.0001 0.0000 0.0000 0.0000 0.0000 0.0000 0.0000 0.0000 0.0000 0.0000 0.0061 0.0040 0.0070 0.0447 0.0008 0.3070 0.1151 0.5473 0.0002 0.0080 0.0000 0.0000 0.0000 0.0000 0.0000 0.0000 0.0000 0.0000 0.0022 0.0026 0.0130 0.0097 0.0120 0.0414 0.0000 0.0023 0.0000 0.0030 0.1424 0.0189 0.0002 0.1559 0.0750 0.0002 0.0045 0.0181 0.0020 0.0000 0.0001 0.0001 0.0000 0.0000 0.0000 0.0000 0.0000 0.0000 0.0001 0.0004 0.0004 0.1558 0.0020 0.0033 0.0001 0.0000 0.0000 0.0000 0.0000 0.0000 0.0032 0.0002 0.0275 0.0001 0.0004 0.0000
0.0004 0.0000 0.0000 0.0000 0.0000 0.0000 0.0000 0.0001 0.0000 0.0000 0.0000 0.0000 0.0000 0.0000 0.0000 0.0000 0.0000 0.0185 0.0025 0.0014 0.0003 0.0103 0.0048 0.0025 0.0000 0.0000 0.0000 0.0000 0.0000 0.0000 0.0000 0.0000 0.0000 0.0000 0.0000 0.0000 0.0000 0.0000 0.0002 0.0000 0.0000 0.0000 0.0000 0.0000 0.0001 0.0002 0.0000 0.0000 0.0002 0.0000 0.0000 0.0000 0.0000 0.0000 0.0000 0.0000 0.0000 0.0000 0.0000 0.0000 0.0000 0.0000 0.0000 0.0000 0.0001 0.0004 0.0000 0.0000 0.0000 0.0000 0.0000 0.0001 0.0001 0.0000 0.0001 0.0001 0.0039 0.0005 0.0009 0.0021
0.0000 0.0000 0.0000 0.0000 0.0000 0.0000 0.0002 0.0000 0.0000 0.0000 0.0000 0.0000 0.0000 0.0000 0.0000 0.0000 0.0000 0.0000 0.0261 0.0053 0.0006 0.0075 0.0003 0.0003 0.0000 0.0000 0.0000 0.0000 0.0000 0.0000 0.0000 0.0000 0.0000 0.0000 0.0000 0.0000 0.0000 0.0000 0.0008 0.0001 0.0000 0.0001 0.0000 0.0006 0.0016 0.0002 0.0001 0.0052 0.0001 0.0000 0.0019 0.0001 0.0000 0.0000 0.0001 0.0000 0.0000 0.0000 0.0000 0.0000 0.0000 0.0000 0.0000 0.0005 0.0003 0.0332 0.0006 0.0010 0.0009 0.0000 0.0001 0.0004 0.0010 0.0006 0.0086 0.0065 0.0055 0.0006 0.0003 0.0022
0.0000 0.0000 0.0000 0.0000 0.0000 0.0000 0.0000 0.0031 0.0004 0.0010 0.0000 0.0000 0.0000 0.0000 0.0000 0.0000 0.0000 0.0000 0.0000 0.6346 0.0756 0.7187 0.3303 0.0433 0.0000 0.0001 0.0000 0.0000 0.0000 0.0000 0.0000 0.0000 0.0000 0.0000 0.0007 0.0008 0.0077 0.0065 0.2398 0.2146 0.0012 0.0003 0.0001 0.0424 0.2190 0.0104 0.0015 0.1779 0.0450 0.0001 0.0138 0.0105 0.0001 0.0000 0.0000 0.0001 0.0000 0.0000 0.0000 0.0000 0.0000 0.0000 0.0000 0.0005 0.0009 0.0432 0.0013 0.0068 0.0006 0.0001 0.0000 0.0002 0.0001 0.0002 0.0031 0.0003 0.0062 0.0001 0.0000 0.0001
0.0000 0.0000 0.0000 0.0000 0.0000 0.0000 0.0000 0.0001 0.0006 0.0001 0.0034 0.0000 0.0000 0.0000 0.0000 0.0000 0.0000 0.0000 0.0000 0.0000 0.5031 0.3450 0.0490 0.0025 0.0000 0.0000 0.0000 0.0000 0.0000 0.0000 0.0000 0.0000 0.0000 0.0000 0.0000 0.0001 0.0009 0.0003 0.0189 0.0038 0.0011 0.0025 0.0001 0.0221 0.2583 0.0110 0.0001 0.0082 0.0030 0.0000 0.0003 0.0001 0.0000 0.0000 0.0000 0.0000 0.0000 0.0000 0.0000 0.0000 0.0000 0.0000 0.0000 0.0002 0.0002 0.0049 0.0001 0.0001 0.0002 0.0000 0.0000 0.0000 0.0000 0.0001 0.0004 0.0002 0.0077 0.0009 0.0003 0.0003
0.0000 0.0000 0.0000 0.0000 0.0000 0.0000 0.0000 0.0000 0.0001 0.0001 0.0002 0.0061 0.0000 0.0000 0.0000 0.0000 0.0000 0.0000 0.0000 0.0000 0.0000 0.0003 0.0000 0.0000 0.0000 0.0000 0.0000 0.0000 0.0000 0.0000 0.0000 0.0000 0.0000 0.0000 0.0000 0.0000 0.0000 0.0000 0.0004 0.0000 0.0003 0.0185 0.0002 0.0004 0.0012 0.0004 0.0000 0.0000 0.0001 0.0000 0.0000 0.0000 0.0000 0.0000 0.0000 0.0000 0.0000 0.0000 0.0000 0.0000 0.0000 0.0000 0.0001 0.0005 0.0002 0.0009 0.0000 0.0000 0.0000 0.0000 0.0001 0.0001 0.0001 0.0004 0.0002 0.0001 0.0007 0.0001 0.0003 0.0008
0.0000 0.0000 0.0000 0.0000 0.0000 0.0000 0.0000 0.0000 0.0001 0.0000 0.0006 0.0040 0.0185 0.0000 0.0000 0.0000 0.0000 0.0000 0.0000 0.0000 0.0000 0.0000 0.0001 0.0000 0.0000 0.0000 0.0000 0.0000 0.0000 0.0000 0.0000 0.0000 0.0000 0.0000 0.0000 0.0000 0.0001 0.0000 0.0296 0.0074 0.0122 0.0029 0.0000 0.0037 0.0004 0.0000 0.0000 0.0011 0.0000 0.0000 0.0000 0.0000 0.0000 0.0000 0.0001 0.0000 0.0000 0.0000 0.0000 0.0000 0.0000 0.0000 0.0001 0.0002 0.0030 0.0013 0.0005 0.0002 0.0001 0.0000 0.0000 0.0001 0.0002 0.0025 0.0010 0.0007 0.0008 0.0000 0.0000 0.0003
0.0000 0.0000 0.0000 0.0000 0.0000 0.0000 0.0000 0.0001 0.0001 0.0001 0.0029 0.0070 0.0025 0.0261 0.0000 0.0000 0.0000 0.0000 0.0000 0.0000 0.0000 0.0000 0.0000 0.0000 0.0000 0.0000 0.0000 0.0000 0.0000 0.0000 0.0000 0.0000 0.0000 0.0000 0.0000 0.0002 0.0002 0.0000 0.0237 0.2781 0.0475 0.0041 0.0001 0.0085 0.0091 0.0001 0.0005 0.0029 0.0027 0.0000 0.0000 0.0000 0.0000 0.0000 0.0000 0.0000 0.0000 0.0000 0.0000 0.0000 0.0000 0.0000 0.0001 0.0006 0.0050 0.0051 0.0006 0.0002 0.0002 0.0000 0.0000 0.0000 0.0006 0.0007 0.0038 0.0015 0.0004 0.0001 0.0000 0.0000
0.0000 0.0000 0.0000 0.0000 0.0000 0.0000 0.0000 0.0000 0.0001 0.0000 0.0018 0.0447 0.0014 0.0053 0.6346 0.0000 0.0000 0.0000 0.0000 0.0000 0.0000 0.0000 0.0000 0.0000 0.0006 0.0000 0.0000 0.0000 0.0000 0.0000 0.0000 0.0000 0.0000 0.0000 0.0000 0.0000 0.0001 0.0007 0.1240 0.5179 0.0153 0.0428 0.0042 0.0119 0.0322 0.0001 0.0000 0.0042 0.0007 0.0000 0.0000 0.0001 0.0000 0.0000 0.0001 0.0000 0.0000 0.0000 0.0000 0.0000 0.0000 0.0000 0.0002 0.0002 0.0004 0.0007 0.0017 0.0046 0.0026 0.0012 0.0002 0.0004 0.0029 0.0060 0.0660 0.0091 0.0046 0.0007 0.0001 0.0001
0.0000 0.0000 0.0000 0.0000 0.0000 0.0000 0.0000 0.0000 0.0000 0.0000 0.0000 0.0008 0.0003 0.0006 0.0756 0.5031 0.0000 0.0000 0.0000 0.0000 0.0000 0.0000 0.0000 0.0000 0.0000 0.0000 0.0000 0.0000 0.0000 0.0000 0.0000 0.0000 0.0000 0.0000 0.0000 0.0001 0.0001 0.0066 0.8480 0.8675 0.0415 0.0483 0.0007 0.0247 0.1439 0.0002 0.0001 0.0003 0.0000 0.0000 0.0001 0.0001 0.0000 0.0000 0.0001 0.0002 0.0000 0.0000 0.0000 0.0000 0.0000 0.0000 0.0001 0.0001 0.0002 0.0001 0.0002 0.0001 0.0002 0.0007 0.0000 0.0003 0.0002 0.0028 0.0229 0.0175 0.0017 0.0002 0.0001 0.0001
0.0000 0.0000 0.0000 0.0000 0.0000 0.0000 0.0000 0.0006 0.0000 0.0000 0.0667 0.3070 0.0103 0.0075 0.7187 0.3450 0.0003 0.0000 0.0000 0.0000 0.0000 0.0000 0.0000 0.0000 0.0000 0.0000 0.0000 0.0000 0.0000 0.0000 0.0000 0.0000 0.0000 0.0000 0.0001 0.0008 0.9982 0.9843 0.9961 0.9793 0.0164 0.0276 0.0001 0.2359 0.9535 0.0010 0.0000 0.0342 0.0273 0.0000 0.0002 0.0061 0.0000 0.0000 0.0002 0.0017 0.0000 0.0000 0.0001 0.0001 0.0000 0.0005 0.0002 0.0023 0.0000 0.0020 0.0001 0.0034 0.0010 0.0006 0.0003 0.0004 0.0005 0.0016 0.0053 0.0003 0.0009 0.0000 0.0000 0.0000
0.0000 0.0000 0.0000 0.0000 0.0000 0.0000 0.0000 0.0009 0.0001 0.0000 0.0015 0.1151 0.0048 0.0003 0.3303 0.0490 0.0000 0.0001 0.0000 0.0000 0.0000 0.0000 0.0000 0.0000 0.0000 0.0000 0.0000 0.0000 0.0000 0.0000 0.0000 0.0000 0.0000 0.0000 0.0027 0.0537 0.9969 0.9993 0.4875 0.9307 0.0001 0.0003 0.0000 0.0001 0.0043 0.0000 0.0000 0.0001 0.0001 0.0000 0.0000 0.0000 0.0000 0.0000 0.0000 0.0000 0.0000 0.0000 0.0000 0.0000 0.0000 0.0001 0.0000 0.0003 0.0001 0.0001 0.0001 0.0065 0.0007 0.0003 0.0008 0.0001 0.0004 0.0009 0.0052 0.0001 0.0011 0.0000 0.0000 0.0000
0.0002 0.0000 0.0000 0.0000 0.0000 0.0001 0.0001 0.0276 0.0008 0.0002 0.1843 0.5473 0.0025 0.0003 0.0433 0.0025 0.0000 0.0000 0.0000 0.0000 0.0000 0.0000 0.0000 0.0000 0.0000 0.0000 0.0000 0.0000 0.0000 0.0000 0.0000 0.0001 0.0000 0.0017 0.9940 0.9967 0.9999 0.7811 0.0001 0.0007 0.0000 0.0000 0.0000 0.0001 0.1457 0.0002 0.0000 0.1468 0.2611 0.0000 0.0001 0.1708 0.0003 0.0000 0.0006 0.0081 0.0000 0.0001 0.0001 0.0003 0.0001 0.0009 0.0015 0.0956 0.0002 0.0046 0.0007 0.0024 0.0015 0.0006 0.0008 0.0019 0.0056 0.0128 0.0797 0.0003 0.0101 0.0000 0.0000 0.0000
0.0002 0.0000 0.0000 0.0000 0.0000 0.0000 0.0002 0.0020 0.0007 0.0001 0.0004 0.0002 0.0000 0.0000 0.0000 0.0000 0.0000 0.0000 0.0000 0.0006 0.0000 0.0000 0.0000 0.0000 0.0000 0.0000 0.0000 0.0000 0.0000 0.0033 0.0021 0.0016 0.0009 0.3200 0.9992 0.9991 0.4535 0.9183 0.0001 0.0001 0.0000 0.0000 0.0000 0.0000 0.0001 0.0000 0.0000 0.0000 0.0001 0.0000 0.0000 0.0004 0.0001 0.0000 0.0004 0.0002 0.0000 0.0000 0.0001 0.0014 0.0002 0.0004 0.0012 0.0051 0.0003 0.0023 0.0004 0.0034 0.0038 0.0018 0.0016 0.0001 0.0018 0.0004 0.0052 0.0004 0.0008 0.0000 0.0001 0.0002
0.0001 0.0001 0.0000 0.0131 0.0020 0.0001 0.0112 0.5742 0.0040 0.0000 0.0115 0.0080 0.0000 0.0000 0.0001 0.0000 0.0000 0.0000 0.0000 0.0000 0.0000 0.0000 0.0000 0.0000 0.0000 0.0000 0.0000 0.0000 0.0000 0.0000 0.0270 0.7542 0.0543 0.7318 0.9996 0.3956 0.0002 0.0000 0.0000 0.0000 0.0000 0.0000 0.0000 0.0000 0.0000 0.0000 0.0000 0.0016 0.0224 0.0000 0.0008 0.1403 0.0019 0.0001 0.0006 0.0060 0.0001 0.0000 0.0002 0.0003 0.0001 0.0010 0.0069 0.0178 0.0035 0.0186 0.0014 0.0097 0.0001 0.0002 0.0005 0.0001 0.0002 0.0005 0.0020 0.0000 0.0054 0.0000 0.0000 0.0000
0.0001 0.0000 0.0000 0.0000 0.0000 0.0000 0.0005 0.0012 0.0000 0.0000 0.0000 0.0000 0.0000 0.0000 0.0000 0.0000 0.0000 0.0000 0.0000 0.0000 0.0000 0.0000 0.0000 0.0000 0.0000 0.0000 0.0000 0.0000 0.0000 0.0000 0.0000 0.9590 0.9321 0.9951 0.9693 0.4126 0.0000 0.0000 0.0000 0.0000 0.0000 0.0000 0.0000 0.0000 0.0000 0.0000 0.0000 0.0001 0.0000 0.0000 0.0000 0.0006 0.0002 0.0000 0.0001 0.0003 0.0001 0.0001 0.0001 0.0004 0.0002 0.0001 0.0026 0.0104 0.0265 0.0369 0.0083 0.0086 0.0027 0.0007 0.0006 0.0004 0.0125 0.0151 0.0101 0.0005 0.0049 0.0005 0.0001 0.0001
0.0102 0.0018 0.0001 0.1576 0.0015 0.0001 0.0103 0.0235 0.0001 0.0000 0.0002 0.0000 0.0000 0.0000 0.0000 0.0000 0.0000 0.0000 0.0000 0.0000 0.0000 0.0000 0.0000 0.0000 0.0000 0.0000 0.0000 0.0000 0.0000 0.0000 0.0000 0.0000 0.1556 0.0026 0.0004 0.0003 0.0000 0.0001 0.0000 0.0000 0.0000 0.0000 0.0000 0.0000 0.0001 0.0000 0.0000 0.0000 0.0001 0.0000 0.0000 0.0040 0.0013 0.0000 0.0006 0.0023 0.0007 0.0001 0.0001 0.0015 0.0024 0.0017 0.0016 0.0057 0.0123 0.0124 0.0133 0.0065 0.0008 0.0040 0.0003 0.0020 0.0009 0.0024 0.0023 0.0001 0.0020 0.0001 0.0001 0.0002
0.0075 0.0022 0.0001 0.0025 0.0000 0.0000 0.0001 0.0000 0.0000 0.0000 0.0000 0.0000 0.0000 0.0000 0.0000 0.0000 0.0000 0.0000 0.0000 0.0000 0.0000 0.0000 0.0000 0.0000 0.0000 0.0000 0.0000 0.0000 0.0000 0.0000 0.0000 0.0000 0.0000 0.0117 0.0000 0.0001 0.0000 0.0000 0.0000 0.0000 0.0000 0.0000 0.0000 0.0000 0.0000 0.0000 0.0000 0.0000 0.0000 0.0000 0.0000 0.0001 0.0002 0.0000 0.0000 0.0000 0.0001 0.0001 0.0000 0.0001 0.0002 0.0003 0.0011 0.0005 0.0141 0.0008 0.0039 0.0007 0.0006 0.0027 0.0005 0.0018 0.0016 0.0023 0.0003 0.0001 0.0000 0.0000 0.0000 0.0001
0.0013 0.0004 0.0003 0.0223 0.0003 0.0000 0.0013 0.0000 0.0000 0.0000 0.0000 0.0000 0.0000 0.0000 0.0000 0.0000 0.0000 0.0000 0.0000 0.0000 0.0000 0.0000 0.0000 0.0000 0.0033 0.0000 0.0000 0.0000 0.0000 0.0000 0.0000 0.0000 0.0000 0.0000 0.0060 0.0044 0.0000 0.0000 0.0000 0.0000 0.0000 0.0000 0.0000 0.0000 0.0000 0.0000 0.0000 0.0000 0.0000 0.0000 0.0000 0.0000 0.0001 0.0000 0.0000 0.0001 0.0000 0.0000 0.0000 0.0000 0.0000 0.0001 0.0002 0.0005 0.0034 0.0004 0.0002 0.0004 0.0004 0.0025 0.0007 0.0049 0.0023 0.0021 0.0006 0.0001 0.0002 0.0000 0.0000 0.0000
0.0003 0.0001 0.0000 0.0025 0.0000 0.0000 0.0001 0.0000 0.0000 0.0000 0.0000 0.0000 0.0000 0.0000 0.0000 0.0000 0.0000 0.0000 0.0000 0.0000 0.0000 0.0000 0.0000 0.0000 0.0021 0.0270 0.0000 0.0000 0.0000 0.0000 0.0000 0.0000 0.0000 0.0000 0.0000 0.0028 0.0000 0.0000 0.0000 0.0000 0.0000 0.0000 0.0000 0.0000 0.0000 0.0000 0.0000 0.0000 0.0000 0.0000 0.0000 0.0000 0.0001 0.0000 0.0001 0.0007 0.0000 0.0001 0.0002 0.0002 0.0002 0.0001 0.0000 0.0002 0.0003 0.0000 0.0002 0.0001 0.0005 0.0012 0.0005 0.0003 0.0004 0.0003 0.0007 0.0005 0.0002 0.0000 0.0000 0.0000
0.0095 0.0032 0.0003 0.0052 0.0003 0.0001 0.0020 0.0004 0.0000 0.0000 0.0009 0.0000 0.0000 0.0000 0.0000 0.0000 0.0000 0.0000 0.0000 0.0000 0.0000 0.0000 0.0000 0.0001 0.0016 0.7542 0.9590 0.0000 0.0000 0.0000 0.0000 0.0000 0.0000 0.0000 0.0000 0.0000 0.0002 0.0000 0.0000 0.0000 0.0000 0.0000 0.0000 0.0000 0.0000 0.0000 0.0000 0.0001 0.0000 0.0000 0.0001 0.0006 0.0000 0.0000 0.0002 0.0016 0.0000 0.0000 0.0000 0.0001 0.0001 0.0001 0.0003 0.0003 0.0017 0.0000 0.0003 0.0001 0.0005 0.0005 0.0002 0.0001 0.0002 0.0002 0.0006 0.0009 0.0015 0.0000 0.0000 0.0001
0.0006 0.0012 0.0002 0.0030 0.0001 0.0003 0.0013 0.0001 0.0000 0.0000 0.0000 0.0000 0.0000 0.0000 0.0000 0.0000 0.0000 0.0000 0.0000 0.0000 0.0000 0.0000 0.0000 0.0000 0.0009 0.0543 0.9321 0.1556 0.0000 0.0000 0.0000 0.0000 0.0000 0.0000 0.0000 0.0000 0.0000 0.0000 0.0000 0.0000 0.0000 0.0000 0.0000 0.0000 0.0000 0.0000 0.0000 0.0000 0.0000 0.0000 0.0001 0.0013 0.0004 0.0000 0.0005 0.0002 0.0000 0.0000 0.0001 0.0000 0.0000 0.0002 0.0001 0.0003 0.0004 0.0005 0.0002 0.0001 0.0001 0.0002 0.0000 0.0001 0.0006 0.0001 0.0004 0.0008 0.0009 0.0001 0.0001 0.0000
0.0001 0.0000 0.0001 0.0049 0.0003 0.0000 0.0004 0.0006 0.0000 0.0000 0.0004 0.0000 0.0000 0.0000 0.0000 0.0000 0.0000 0.0000 0.0000 0.0000 0.0000 0.0000 0.0000 0.0017 0.3200 0.7318 0.9951 0.0026 0.0117 0.0000 0.0000 0.0000 0.0000 0.0000 0.0000 0.0000 0.0000 0.0000 0.0000 0.0000 0.0000 0.0000 0.0000 0.0000 0.0000 0.0000 0.0000 0.0000 0.0000 0.0000 0.0001 0.0001 0.0001 0.0000 0.0003 0.0005 0.0000 0.0000 0.0000 0.0001 0.0001 0.0000 0.0001 0.0001 0.0003 0.0003 0.0018 0.0002 0.0020 0.0006 0.0002 0.0002 0.0001 0.0001 0.0006 0.0014 0.0009 0.0001 0.0001 0.0001
0.0008 0.0009 0.0003 0.1378 0.0339 0.0000 0.0340 0.1125 0.0000 0.0000 0.0206 0.0022 0.0000 0.0000 0.0007 0.0000 0.0000 0.0000 0.0000 0.0000 0.0000 0.0001 0.0027 0.9940 0.9992 0.9996 0.9693 0.0004 0.0000 0.0060 0.0000 0.0000 0.0000 0.0000 0.0000 0.0000 0.0000 0.0000 0.0000 0.0004 0.0001 0.0004 0.0000 0.0001 0.0009 0.0000 0.0000 0.0117 0.0030 0.0000 0.0007 0.0181 0.0002 0.0000 0.0000 0.0005 0.0000 0.0000 0.0001 0.0000 0.0000 0.0000 0.0000 0.0012 0.0000 0.0010 0.0001 0.0009 0.0001 0.0002 0.0000 0.0001 0.0001 0.0003 0.0027 0.0003 0.0065 0.0000 0.0000 0.0001
0.0029 0.0104 0.0002 0.0349 0.0104 0.0002 0.0004 0.0088 0.0000 0.0000 0.0026 0.0026 0.0000 0.0000 0.0008 0.0001 0.0000 0.0000 0.0002 0.0000 0.0001 0.0008 0.0537 0.9967 0.9991 0.3956 0.4126 0.0003 0.0001 0.0044 0.0028 0.0000 0.0000 0.0000 0.0000 0.0000 0.0000 0.0000 0.0000 0.0000 0.0002 0.0004 0.0000 0.0018 0.0051 0.0000 0.0000 0.0002 0.0001 0.0000 0.0000 0.0003 0.0004 0.0000 0.0000 0.0000 0.0000 0.0000 0.0000 0.0000 0.0000 0.0000 0.0000 0.0000 0.0002 0.0001 0.0007 0.0001 0.0009 0.0001 0.0001 0.0001 0.0005 0.0002 0.0010 0.0001 0.0001 0.0000 0.0000 0.0001
0.0022 0.0010 0.0003 0.0544 0.0396 0.0002 0.0049 0.0428 0.0023 0.0001 0.1347 0.0130 0.0000 0.0000 0.0077 0.0009 0.0000 0.0001 0.0002 0.0001 0.0001 0.9982 0.9969 0.9999 0.4535 0.0002 0.0000 0.0000 0.0000 0.0000 0.0000 0.0002 0.0000 0.0000 0.0000 0.0000 0.0000 0.0000 0.0000 0.0000 0.0000 0.0400 0.0007 0.0106 0.5778 0.0002 0.0000 0.0489 0.0392 0.0000 0.0002 0.0046 0.0001 0.0000 0.0000 0.0000 0.0000 0.0000 0.0000 0.0000 0.0000 0.0000 0.0000 0.0000 0.0000 0.0003 0.0000 0.0015 0.0006 0.0010 0.0007 0.0011 0.0015 0.0006 0.0081 0.0001 0.0061 0.0000 0.0000 0.0000
0.0015 0.0053 0.0004 0.0063 0.0023 0.0003 0.0033 0.0024 0.0001 0.0001 0.0347 0.0097 0.0000 0.0000 0.0065 0.0003 0.0000 0.0000 0.0000 0.0007 0.0066 0.9843 0.9993 0.7811 0.9183 0.0000 0.0000 0.0001 0.0000 0.0000 0.0000 0.0000 0.0000 0.0000 0.0000 0.0000 0.0000 0.0000 0.0000 0.0000 0.0000 0.0000 0.0002 0.0002 0.0083 0.0000 0.0000 0.0002 0.0000 0.0000 0.0001 0.0000 0.0000 0.0000 0.0000 0.0000 0.0000 0.0000 0.0000 0.0000 0.0000 0.0000 0.0000 0.0000 0.0021 0.0001 0.0025 0.0004 0.0034 0.0003 0.0000 0.0001 0.0012 0.0006 0.0014 0.0004 0.0012 0.0001 0.0000 0.0000
0.0019 0.0006 0.0001 0.0000 0.0008 0.0000 0.0001 0.0001 0.0000 0.0000 0.0007 0.0120 0.0002 0.0008 0.2398 0.0189 0.0004 0.0296 0.0237 0.1240 0.8480 0.9961 0.4875 0.0001 0.0001 0.0000 0.0000 0.0000 0.0000 0.0000 0.0000 0.0000 0.0000 0.0000 0.0000 0.0000 0.0000 0.0000 0.0000 0.0000 0.0000 0.0000 0.0000 0.0043 0.0003 0.0001 0.0000 0.0001 0.0000 0.0000 0.0000 0.0000 0.0000 0.0000 0.0000 0.0000 0.0000 0.0000 0.0000 0.0000 0.0000 0.0000 0.0000 0.0000 0.0000 0.0000 0.0003 0.0001 0.0020 0.0003 0.0001 0.0001 0.0004 0.0001 0.0002 0.0001 0.0003 0.0001 0.0000 0.0000
0.0007 0.0010 0.0000 0.0006 0.0050 0.0000 0.0002 0.0109 0.0007 0.0000 0.0176 0.0414 0.0000 0.0001 0.2146 0.0038 0.0000 0.0074 0.2781 0.5179 0.8675 0.9793 0.9307 0.0007 0.0001 0.0000 0.0000 0.0000 0.0000 0.0000 0.0000 0.0000 0.0000 0.0000 0.0004 0.0000 0.0000 0.0000 0.0000 0.0000 0.0000 0.0000 0.0000 0.0000 0.9815 0.0224 0.0013 0.9466 0.0006 0.0000 0.0000 0.0001 0.0000 0.0000 0.0000 0.0000 0.0000 0.0000 0.0000 0.0000 0.0000 0.0000 0.0000 0.0000 0.0000 0.0000 0.0001 0.0002 0.0003 0.0004 0.0001 0.0001 0.0009 0.0003 0.0008 0.0004 0.0008 0.0000 0.0000 0.0000
0.0001 0.0001 0.0000 0.0000 0.0000 0.0000 0.0000 0.0000 0.0002 0.0000 0.0000 0.0000 0.0000 0.0000 0.0012 0.0011 0.0003 0.0122 0.0475 0.0153 0.0415 0.0164 0.0001 0.0000 0.0000 0.0000 0.0000 0.0000 0.0000 0.0000 0.0000 0.0000 0.0000 0.0000 0.0001 0.0002 0.0000 0.0000 0.0000 0.0000 0.0000 0.0000 0.0000 0.0000 0.0000 0.0067 0.0000 0.0002 0.0000 0.0000 0.0000 0.0000 0.0000 0.0000 0.0000 0.0000 0.0000 0.0000 0.0000 0.0000 0.0000 0.0000 0.0000 0.0000 0.0000 0.0000 0.0000 0.0000 0.0000 0.0000 0.0000 0.0000 0.0001 0.0000 0.0005 0.0004 0.0005 0.0000 0.0000 0.0000
0.0002 0.0000 0.0000 0.0002 0.0003 0.0001 0.0001 0.0000 0.0002 0.0001 0.0002 0.0023 0.0000 0.0001 0.0003 0.0025 0.0185 0.0029 0.0041 0.0428 0.0483 0.0276 0.0003 0.0000 0.0000 0.0000 0.0000 0.0000 0.0000 0.0000 0.0000 0.0000 0.0000 0.0000 0.0004 0.0004 0.0400 0.0000 0.0000 0.0000 0.0000 0.0000 0.0000 0.0000 0.0000 0.0000 0.0044 0.0017 0.0001 0.0000 0.0001 0.0000 0.0000 0.0000 0.0000 0.0000 0.0000 0.0000 0.0000 0.0000 0.0000 0.0000 0.0000 0.0000 0.0000 0.0000 0.0000 0.0001 0.0001 0.0000 0.0001 0.0002 0.0000 0.0000 0.0003 0.0005 0.0003 0.0001 0.0000 0.0000
0.0001 0.0001 0.0000 0.0000 0.0000 0.0000 0.0000 0.0000 0.0002 0.0000 0.0000 0.0000 0.0000 0.0000 0.0001 0.0001 0.0002 0.0000 0.0001 0.0042 0.0007 0.0001 0.0000 0.0000 0.0000 0.0000 0.0000 0.0000 0.0000 0.0000 0.0000 0.0000 0.0000 0.0000 0.0000 0.0000 0.0007 0.0002 0.0000 0.0000 0.0000 0.0000 0.0000 0.0000 0.0000 0.0000 0.0000 0.0033 0.0000 0.0002 0.0000 0.0000 0.0000 0.0000 0.0000 0.0000 0.0000 0.0000 0.0000 0.0000 0.0000 0.0000 0.0000 0.0000 0.0000 0.0000 0.0000 0.0000 0.0000 0.0000 0.0000 0.0000 0.0000 0.0000 0.0002 0.0001 0.0001 0.0000 0.0001 0.0001
0.0000 0.0000 0.0000 0.0002 0.0004 0.0000 0.0005 0.0008 0.0012 0.0000 0.0079 0.0030 0.0000 0.0006 0.0424 0.0221 0.0004 0.0037 0.0085 0.0119 0.0247 0.2359 0.0001 0.0001 0.0000 0.0000 0.0000 0.0000 0.0000 0.0000 0.0000 0.0000 0.0000 0.0000 0.0001 0.0018 0.0106 0.0002 0.0043 0.0000 0.0000 0.0000 0.0000 0.0000 0.0000 0.0000 0.0000 0.0000 0.0001 0.0000 0.0000 0.0000 0.0000 0.0000 0.0000 0.0000 0.0000 0.0000 0.0000 0.0000 0.0000 0.0000 0.0000 0.0000 0.0000 0.0000 0.0000 0.0002 0.0001 0.0000 0.0000 0.0000 0.0000 0.0001 0.0008 0.0002 0.0004 0.0001 0.0001 0.0004
0.0000 0.0000 0.0000 0.0003 0.0006 0.0000 0.0001 0.0245 0.0036 0.0001 0.0446 0.1424 0.0001 0.0016 0.2190 0.2583 0.0012 0.0004 0.0091 0.0322 0.1439 0.9535 0.0043 0.1457 0.0001 0.0000 0.0000 0.0001 0.0000 0.0000 0.0000 0.0000 0.0000 0.0000 0.0009 0.0051 0.5778 0.0083 0.0003 0.9815 0.0000 0.0000 0.0000 0.0000 0.0000 0.0000 0.0000 0.0000 0.0000 0.0001 0.0000 0.0010 0.0000 0.0000 0.0000 0.0000 0.0000 0.0000 0.0000 0.0000 0.0000 0.0000 0.0000 0.0000 0.0000 0.0134 0.0005 0.0096 0.0002 0.0000 0.0000 0.0000 0.0001 0.0001 0.0140 0.0001 0.0025 0.0000 0.0001 0.0000
0.0010 0.0000 0.0000 0.0000 0.0006 0.0000 0.0000 0.0010 0.0019 0.0000 0.0004 0.0189 0.0002 0.0002 0.0104 0.0110 0.0004 0.0000 0.0001 0.0001 0.0002 0.0010 0.0000 0.0002 0.0000 0.0000 0.0000 0.0000 0.0000 0.0000 0.0000 0.0000 0.0000 0.0000 0.0000 0.0000 0.0002 0.0000 0.0001 0.0224 0.0067 0.0000 0.0000 0.0000 0.0000 0.0000 0.0000 0.0000 0.0000 0.0000 0.0001 0.0001 0.0002 0.0000 0.0000 0.0000 0.0000 0.0000 0.0000 0.0000 0.0000 0.0000 0.0000 0.0000 0.0000 0.0014 0.0005 0.0121 0.0003 0.0000 0.0000 0.0002 0.0001 0.0000 0.0009 0.0003 0.0044 0.0001 0.0000 0.0001
0.0003 0.0002 0.0000 0.0000 0.0000 0.0000 0.0000 0.0000 0.0001 0.0001 0.0001 0.0002 0.0000 0.0001 0.0015 0.0001 0.0000 0.0000 0.0005 0.0000 0.0001 0.0000 0.0000 0.0000 0.0000 0.0000 0.0000 0.0000 0.0000 0.0000 0.0000 0.0000 0.0000 0.0000 0.0000 0.0000 0.0000 0.0000 0.0000 0.0013 0.0000 0.0044 0.0000 0.0000 0.0000 0.0000 0.0000 0.0000 0.0000 0.0000 0.0000 0.0000 0.0000 0.0000 0.0000 0.0000 0.0000 0.0000 0.0000 0.0000 0.0000 0.0000 0.0000 0.0000 0.0000 0.0000 0.0000 0.0000 0.0000 0.0000 0.0000 0.0000 0.0000 0.0000 0.0001 0.0001 0.0001 0.0000 0.0001 0.0000
0.0001 0.0000 0.0000 0.0011 0.0002 0.0000 0.0004 0.0252 0.0015 0.0000 0.2934 0.1559 0.0000 0.0052 0.1779 0.0082 0.0000 0.0011 0.0029 0.0042 0.0003 0.0342 0.0001 0.1468 0.0000 0.0016 0.0001 0.0000 0.0000 0.0000 0.0000 0.0001 0.0000 0.0000 0.0117 0.0002 0.0489 0.0002 0.0001 0.9466 0.0002 0.0017 0.0033 0.0000 0.0000 0.0000 0.0000 0.0000 0.0000 0.0000 0.0000 0.0000 0.0000 0.0000 0.0000 0.0000 0.0000 0.0000 0.0000 0.0000 0.0000 0.0000 0.0000 0.0000 0.0000 0.0061 0.0000 0.0016 0.0000 0.0000 0.0000 0.0000 0.0001 0.0001 0.0013 0.0000 0.0018 0.0000 0.0005 0.0000
0.0008 0.0002 0.0001 0.0008 0.0142 0.0001 0.0003 0.1784 0.0519 0.0000 0.0209 0.0750 0.0002 0.0001 0.0450 0.0030 0.0001 0.0000 0.0027 0.0007 0.0000 0.0273 0.0001 0.2611 0.0001 0.0224 0.0000 0.0001 0.0000 0.0000 0.0000 0.0000 0.0000 0.0000 0.0030 0.0001 0.0392 0.0000 0.0000 0.0006 0.0000 0.0001 0.0000 0.0001 0.0000 0.0000 0.0000 0.0000 0.0000 0.0000 0.0000 0.0000 0.0000 0.0000 0.0001 0.0014 0.0000 0.0000 0.0000 0.0000 0.0000 0.0006 0.0000 0.1523 0.0104 0.9097 0.0211 0.0544 0.0001 0.0001 0.0000 0.0001 0.0003 0.0005 0.0265 0.0016 0.0253 0.0001 0.0011 0.0000
0.0004 0.0001 0.0000 0.0000 0.0001 0.0000 0.0000 0.0002 0.0011 0.0000 0.0000 0.0002 0.0000 0.0000 0.0001 0.0000 0.0000 0.0000 0.0000 0.0000 0.0000 0.0000 0.0000 0.0000 0.0000 0.0000 0.0000 0.0000 0.0000 0.0000 0.0000 0.0000 0.0000 0.0000 0.0000 0.0000 0.0000 0.0000 0.0000 0.0000 0.0000 0.0000 0.0002 0.0000 0.0001 0.0000 0.0000 0.0000 0.0000 0.0000 0.0000 0.0000 0.0000 0.0000 0.0018 0.0000 0.0000 0.0000 0.0000 0.0000 0.0000 0.0002 0.0001 0.0053 0.0028 0.0343 0.0003 0.0007 0.0001 0.0000 0.0000 0.0000 0.0000 0.0000 0.0001 0.0002 0.0018 0.0003 0.0005 0.0002
0.0006 0.0002 0.0003 0.0009 0.0000 0.0000 0.0010 0.0005 0.0003 0.0004 0.0128 0.0045 0.0000 0.0019 0.0138 0.0003 0.0000 0.0000 0.0000 0.0000 0.0001 0.0002 0.0000 0.0001 0.0000 0.0008 0.0000 0.0000 0.0000 0.0000 0.0000 0.0001 0.0001 0.0001 0.0007 0.0000 0.0002 0.0001 0.0000 0.0000 0.0000 0.0001 0.0000 0.0000 0.0000 0.0001 0.0000 0.0000 0.0000 0.0000 0.0000 0.0000 0.0000 0.0000 0.0000 0.0000 0.0000 0.0000 0.0000 0.0000 0.0000 0.0000 0.0000 0.0001 0.0000 0.0001 0.0000 0.0000 0.0001 0.0000 0.0000 0.0000 0.0001 0.0000 0.0002 0.0002 0.0024 0.0001 0.0004 0.0001
0.0015 0.0008 0.0002 0.0370 0.0271 0.0001 0.0919 0.6401 0.0025 0.0001 0.0800 0.0181 0.0000 0.0001 0.0105 0.0001 0.0000 0.0000 0.0000 0.0001 0.0001 0.0061 0.0000 0.1708 0.0004 0.1403 0.0006 0.0040 0.0001 0.0000 0.0000 0.0006 0.0013 0.0001 0.0181 0.0003 0.0046 0.0000 0.0000 0.0001 0.0000 0.0000 0.0000 0.0000 0.0010 0.0001 0.0000 0.0000 0.0000 0.0000 0.0000 0.0000 0.0000 0.0000 0.0000 0.0000 0.0000 0.0002 0.0001 0.0000 0.0005 0.0051 0.0018 0.4611 0.0029 0.3821 0.0005 0.0013 0.0001 0.0000 0.0000 0.0000 0.0000 0.0003 0.0084 0.0023 0.0622 0.0003 0.0004 0.0001
0.0030 0.0010 0.0003 0.0046 0.0033 0.0001 0.0015 0.0110 0.0003 0.0000 0.0002 0.0020 0.0000 0.0000 0.0001 0.0000 0.0000 0.0000 0.0000 0.0000 0.0000 0.0000 0.0000 0.0003 0.0001 0.0019 0.0002 0.0013 0.0002 0.0001 0.0001 0.0000 0.0004 0.0001 0.0002 0.0004 0.0001 0.0000 0.0000 0.0000 0.0000 0.0000 0.0000 0.0000 0.0000 0.0002 0.0000 0.0000 0.0000 0.0000 0.0000 0.0000 0.0000 0.0000 0.0000 0.0000 0.0000 0.0035 0.0011 0.0085 0.0922 0.2488 0.2010 0.9056 0.3180 0.7090 0.0010 0.0003 0.0004 0.0000 0.0000 0.0000 0.0000 0.0000 0.0015 0.0056 0.0923 0.0072 0.0040 0.0002
0.0003 0.0002 0.0001 0.0007 0.0000 0.0000 0.0002 0.0000 0.0000 0.0000 0.0000 0.0000 0.0000 0.0000 0.0000 0.0000 0.0000 0.0000 0.0000 0.0000 0.0000 0.0000 0.0000 0.0000 0.0000 0.0001 0.0000 0.0000 0.0000 0.0000 0.0000 0.0000 0.0000 0.0000 0.0000 0.0000 0.0000 0.0000 0.0000 0.0000 0.0000 0.0000 0.0000 0.0000 0.0000 0.0000 0.0000 0.0000 0.0000 0.0000 0.0000 0.0000 0.0000 0.0000 0.0000 0.0000 0.0000 0.0000 0.0066 0.0054 0.0085 0.0303 0.0667 0.0504 0.0051 0.0035 0.0000 0.0000 0.0000 0.0000 0.0000 0.0000 0.0000 0.0000 0.0001 0.0004 0.0038 0.0004 0.0035 0.0035
0.0047 0.0179 0.0035 0.0947 0.0020 0.0001 0.0706 0.0156 0.0001 0.0001 0.0013 0.0001 0.0000 0.0001 0.0000 0.0000 0.0000 0.0001 0.0000 0.0001 0.0001 0.0002 0.0000 0.0006 0.0004 0.0006 0.0001 0.0006 0.0000 0.0000 0.0001 0.0002 0.0005 0.0003 0.0000 0.0000 0.0000 0.0000 0.0000 0.0000 0.0000 0.0000 0.0000 0.0000 0.0000 0.0000 0.0000 0.0000 0.0001 0.0018 0.0000 0.0000 0.0000 0.0000 0.0000 0.0000 0.0000 0.0000 0.0000 0.2258 0.2570 0.0944 0.0557 0.0747 0.0020 0.0022 0.0000 0.0000 0.0001 0.0000 0.0001 0.0001 0.0001 0.0004 0.0071 0.0047 0.0242 0.0017 0.0022 0.0016
0.0576 0.0444 0.0185 0.2369 0.0111 0.0004 0.0279 0.0080 0.0003 0.0001 0.0016 0.0001 0.0000 0.0000 0.0001 0.0000 0.0000 0.0000 0.0000 0.0000 0.0002 0.0017 0.0000 0.0081 0.0002 0.0060 0.0003 0.0023 0.0000 0.0001 0.0007 0.0016 0.0002 0.0005 0.0005 0.0000 0.0000 0.0000 0.0000 0.0000 0.0000 0.0000 0.0000 0.0000 0.0000 0.0000 0.0000 0.0000 0.0014 0.0000 0.0000 0.0000 0.0000 0.0000 0.0000 0.0000 0.0000 0.0000 0.0000 0.0000 0.8601 0.6398 0.3591 0.7117 0.0156 0.0150 0.0001 0.0000 0.0000 0.0000 0.0000 0.0000 0.0001 0.0009 0.0040 0.0007 0.0164 0.0007 0.0004 0.0003
0.0013 0.0021 0.0002 0.0007 0.0000 0.0001 0.0002 0.0000 0.0000 0.0000 0.0000 0.0000 0.0000 0.0000 0.0000 0.0000 0.0000 0.0000 0.0000 0.0000 0.0000 0.0000 0.0000 0.0000 0.0000 0.0001 0.0001 0.0007 0.0001 0.0000 0.0000 0.0000 0.0000 0.0000 0.0000 0.0000 0.0000 0.0000 0.0000 0.0000 0.0000 0.0000 0.0000 0.0000 0.0000 0.0000 0.0000 0.0000 0.0000 0.0000 0.0000 0.0000 0.0000 0.0000 0.0000 0.0000 0.0000 0.0000 0.0000 0.0000 0.0000 0.7958 0.4466 0.3747 0.0127 0.0032 0.0001 0.0000 0.0000 0.0000 0.0000 0.0000 0.0000 0.0000 0.0002 0.0002 0.0027 0.0007 0.0007 0.0023
0.0007 0.0013 0.0000 0.0009 0.0000 0.0000 0.0000 0.0001 0.0000 0.0000 0.0002 0.0000 0.0000 0.0000 0.0000 0.0000 0.0000 0.0000 0.0000 0.0000 0.0000 0.0000 0.0000 0.0001 0.0000 0.0000 0.0001 0.0001 0.0001 0.0000 0.0001 0.0000 0.0000 0.0000 0.0000 0.0000 0.0000 0.0000 0.0000 0.0000 0.0000 0.0000 0.0000 0.0000 0.0000 0.0000 0.0000 0.0000 0.0000 0.0000 0.0000 0.0002 0.0035 0.0000 0.0000 0.0000 0.0000 0.0000 0.0000 0.0000 0.0000 0.0000 0.0039 0.0014 0.0006 0.0001 0.0001 0.0000 0.0000 0.0000 0.0000 0.0000 0.0000 0.0000 0.0000 0.0001 0.0016 0.0000 0.0001 0.0003
0.0025 0.0112 0.0046 0.0481 0.0006 0.0000 0.0022 0.0002 0.0000 0.0000 0.0001 0.0000 0.0000 0.0000 0.0000 0.0000 0.0000 0.0000 0.0000 0.0000 0.0000 0.0001 0.0000 0.0001 0.0001 0.0002 0.0001 0.0001 0.0000 0.0000 0.0002 0.0000 0.0001 0.0000 0.0001 0.0000 0.0000 0.0000 0.0000 0.0000 0.0000 0.0000 0.0000 0.0000 0.0000 0.0000 0.0000 0.0000 0.0000 0.0000 0.0000 0.0001 0.0011 0.0066 0.0000 0.0000 0.0000 0.0000 0.0000 0.0000 0.0000 0.0000 0.0000 0.0036 0.0004 0.0001 0.0001 0.0000 0.0000 0.0001 0.0000 0.0000 0.0000 0.0002 0.0000 0.0000 0.0002 0.0001 0.0000 0.0001
0.0026 0.0086 0.0078 0.0565 0.0008 0.0001 0.0031 0.0005 0.0000 0.0000 0.0000 0.0000 0.0000 0.0000 0.0000 0.0000 0.0000 0.0000 0.0000 0.0000 0.0000 0.0001 0.0000 0.0003 0.0014 0.0003 0.0004 0.0015 0.0001 0.0000 0.0002 0.0001 0.0000 0.0001 0.0000 0.0000 0.0000 0.0000 0.0000 0.0000 0.0000 0.0000 0.0000 0.0000 0.0000 0.0000 0.0000 0.0000 0.0000 0.0000 0.0000 0.0000 0.0085 0.0054 0.2258 0.0000 0.0000 0.0000 0.0000 0.0000 0.0000 0.0000 0.0000 0.0000 0.0036 0.0006 0.0001 0.0000 0.0000 0.0000 0.0000 0.0000 0.0000 0.0001 0.0001 0.0001 0.0023 0.0001 0.0000 0.0000
0.0070 0.0010 0.0004 0.0145 0.0011 0.0001 0.0002 0.0000 0.0000 0.0000 0.0000 0.0000 0.0000 0.0000 0.0000 0.0000 0.0000 0.0000 0.0000 0.0000 0.0000 0.0000 0.0000 0.0001 0.0002 0.0001 0.0002 0.0024 0.0002 0.0000 0.0002 0.0001 0.0000 0.0001 0.0000 0.0000 0.0000 0.0000 0.0000 0.0000 0.0000 0.0000 0.0000 0.0000 0.0000 0.0000 0.0000 0.0000 0.0000 0.0000 0.0000 0.0005 0.0922 0.0085 0.2570 0.8601 0.0000 0.0000 0.0000 0.0000 0.0000 0.0000 0.0000 0.0000 0.0000 0.0001 0.0002 0.0000 0.0001 0.0007 0.0001 0.0000 0.0003 0.0005 0.0006 0.0019 0.0027 0.0002 0.0001 0.0001
0.0152 0.0052 0.0018 0.0835 0.0098 0.0003 0.0081 0.0001 0.0000 0.0000 0.0002 0.0000 0.0000 0.0000 0.0000 0.0000 0.0000 0.0000 0.0000 0.0000 0.0000 0.0005 0.0001 0.0009 0.0004 0.0010 0.0001 0.0017 0.0003 0.0001 0.0001 0.0001 0.0002 0.0000 0.0000 0.0000 0.0000 0.0000 0.0000 0.0000 0.0000 0.0000 0.0000 0.0000 0.0000 0.0000 0.0000 0.0000 0.0006 0.0002 0.0000 0.0051 0.2488 0.0303 0.0944 0.6398 0.7958 0.0000 0.0000 0.0000 0.0000 0.0000 0.0000 0.0000 0.0000 0.0000 0.0002 0.0000 0.0006 0.0001 0.0001 0.0001 0.0003 0.0011 0.0017 0.0023 0.0031 0.0006 0.0004 0.0003
0.0131 0.0010 0.0001 0.0201 0.0045 0.0000 0.0010 0.0005 0.0000 0.0001 0.0004 0.0001 0.0000 0.0000 0.0000 0.0000 0.0001 0.0001 0.0001 0.0002 0.0001 0.0002 0.0000 0.0015 0.0012 0.0069 0.0026 0.0016 0.0011 0.0002 0.0000 0.0003 0.0001 0.0001 0.0000 0.0000 0.0000 0.0000 0.0000 0.0000 0.0000 0.0000 0.0000 0.0000 0.0000 0.0000 0.0000 0.0000 0.0000 0.0001 0.0000 0.0018 0.2010 0.0667 0.0557 0.3591 0.4466 0.0039 0.0000 0.0000 0.0000 0.0000 0.0000 0.0000 0.0000 0.0000 0.0000 0.0000 0.0002 0.0001 0.0000 0.0001 0.0000 0.0010 0.0007 0.0095 0.0010 0.0003 0.0006 0.0018
0.0345 0.0010 0.0002 0.1830 0.0666 0.0000 0.0605 0.0723 0.0000 0.0001 0.0083 0.0004 0.0000 0.0005 0.0005 0.0002 0.0005 0.0002 0.0006 0.0002 0.0001 0.0023 0.0003 0.0956 0.0051 0.0178 0.0104 0.0057 0.0005 0.0005 0.0002 0.0003 0.0003 0.0001 0.0012 0.0000 0.0000 0.0000 0.0000 0.0000 0.0000 0.0000 0.0000 0.0000 0.0000 0.0000 0.0000 0.0000 0.1523 0.0053 0.0001 0.4611 0.9056 0.0504 0.0747 0.7117 0.3747 0.0014 0.0036 0.0000 0.0000 0.0000 0.0000 0.0000 0.0000 0.0000 0.0000 0.0000 0.0001 0.0000 0.0001 0.0006 0.0004 0.0007 0.0030 0.0064 0.0039 0.0001 0.0007 0.0010
0.0067 0.0003 0.0000 0.0003 0.0006 0.0000 0.0002 0.0003 0.0001 0.0001 0.0004 0.0004 0.0001 0.0003 0.0009 0.0002 0.0002 0.0030 0.0050 0.0004 0.0002 0.0000 0.0001 0.0002 0.0003 0.0035 0.0265 0.0123 0.0141 0.0034 0.0003 0.0017 0.0004 0.0003 0.0000 0.0002 0.0000 0.0021 0.0000 0.0000 0.0000 0.0000 0.0000 0.0000 0.0000 0.0000 0.0000 0.0000 0.0104 0.0028 0.0000 0.0029 0.3180 0.0051 0.0020 0.0156 0.0127 0.0006 0.0004 0.0036 0.0000 0.0000 0.0000 0.0000 0.0000 0.0000 0.0000 0.0000 0.0000 0.0000 0.0006 0.0006 0.0097 0.0063 0.0034 0.0114 0.0045 0.0005 0.0004 0.0011
0.0033 0.0017 0.0000 0.0141 0.0088 0.0000 0.0212 0.1971 0.0041 0.0010 0.1300 0.1558 0.0004 0.0332 0.0432 0.0049 0.0009 0.0013 0.0051 0.0007 0.0001 0.0020 0.0001 0.0046 0.0023 0.0186 0.0369 0.0124 0.0008 0.0004 0.0000 0.0000 0.0005 0.0003 0.0010 0.0001 0.0003 0.0001 0.0000 0.0000 0.0000 0.0000 0.0000 0.0000 0.0134 0.0014 0.0000 0.0061 0.9097 0.0343 0.0001 0.3821 0.7090 0.0035 0.0022 0.0150 0.0032 0.0001 0.0001 0.0006 0.0001 0.0000 0.0000 0.0000 0.0000 0.0000 0.0000 0.0000 0.0000 0.0002 0.0033 0.0019 0.0027 0.0038 0.0044 0.0047 0.0027 0.0002 0.0001 0.0007
0.0017 0.0007 0.0000 0.0001 0.0000 0.0000 0.0000 0.0001 0.0000 0.0000 0.0017 0.0020 0.0000 0.0006 0.0013 0.0001 0.0000 0.0005 0.0006 0.0017 0.0002 0.0001 0.0001 0.0007 0.0004 0.0014 0.0083 0.0133 0.0039 0.0002 0.0002 0.0003 0.0002 0.0018 0.0001 0.0007 0.0000 0.0025 0.0003 0.0001 0.0000 0.0000 0.0000 0.0000 0.0005 0.0005 0.0000 0.0000 0.0211 0.0003 0.0000 0.0005 0.0010 0.0000 0.0000 0.0001 0.0001 0.0001 0.0001 0.0001 0.0002 0.0002 0.0000 0.0000 0.0000 0.0000 0.0000 0.0000 0.0000 0.0002 0.0048 0.0239 0.0345 0.0312 0.0459 0.0525 0.0057 0.0009 0.0002 0.0004
0.0001 0.0001 0.0000 0.0005 0.0001 0.0000 0.0003 0.0012 0.0003 0.0001 0.0200 0.0033 0.0000 0.0010 0.0068 0.0001 0.0000 0.0002 0.0002 0.0046 0.0001 0.0034 0.0065 0.0024 0.0034 0.0097 0.0086 0.0065 0.0007 0.0004 0.0001 0.0001 0.0001 0.0002 0.0009 0.0001 0.0015 0.0004 0.0001 0.0002 0.0000 0.0001 0.0000 0.0002 0.0096 0.0121 0.0000 0.0016 0.0544 0.0007 0.0000 0.0013 0.0003 0.0000 0.0000 0.0000 0.0000 0.0000 0.0000 0.0000 0.0000 0.0000 0.0000 0.0000 0.0000 0.0000 0.0000 0.0000 0.0001 0.0000 0.0003 0.0001 0.0553 0.1361 0.1633 0.0674 0.0037 0.0004 0.0001 0.0003
0.0000 0.0000 0.0000 0.0000 0.0000 0.0000 0.0002 0.0000 0.0000 0.0000 0.0011 0.0001 0.0000 0.0009 0.0006 0.0002 0.0000 0.0001 0.0002 0.0026 0.0002 0.0010 0.0007 0.0015 0.0038 0.0001 0.0027 0.0008 0.0006 0.0004 0.0005 0.0005 0.0001 0.0020 0.0001 0.0009 0.0006 0.0034 0.0020 0.0003 0.0000 0.0001 0.0000 0.0001 0.0002 0.0003 0.0000 0.0000 0.0001 0.0001 0.0001 0.0001 0.0004 0.0000 0.0001 0.0000 0.0000 0.0000 0.0000 0.0000 0.0001 0.0006 0.0002 0.0001 0.0000 0.0000 0.0000 0.0001 0.0000 0.0000 0.0000 0.0000 0.0000 0.2646 0.0589 0.0154 0.0082 0.0016 0.0000 0.0001
0.0001 0.0000 0.0000 0.0000 0.0000 0.0000 0.0001 0.0000 0.0000 0.0000 0.0001 0.0000 0.0000 0.0000 0.0001 0.0000 0.0000 0.0000 0.0000 0.0012 0.0007 0.0006 0.0003 0.0006 0.0018 0.0002 0.0007 0.0040 0.0027 0.0025 0.0012 0.0005 0.0002 0.0006 0.0002 0.0001 0.0010 0.0003 0.0003 0.0004 0.0000 0.0000 0.0000 0.0000 0.0000 0.0000 0.0000 0.0000 0.0001 0.0000 0.0000 0.0000 0.0000 0.0000 0.0000 0.0000 0.0000 0.0000 0.0001 0.0000 0.0007 0.0001 0.0001 0.0000 0.0000 0.0002 0.0002 0.0000 0.0000 0.0000 0.0000 0.0000 0.0000 0.0000 0.1574 0.0228 0.0025 0.0005 0.0002 0.0002
0.0001 0.0000 0.0000 0.0000 0.0000 0.0000 0.0000 0.0000 0.0000 0.0001 0.0003 0.0000 0.0000 0.0001 0.0000 0.0000 0.0001 0.0000 0.0000 0.0002 0.0000 0.0003 0.0008 0.0008 0.0016 0.0005 0.0006 0.0003 0.0005 0.0007 0.0005 0.0002 0.0000 0.0002 0.0000 0.0001 0.0007 0.0000 0.0001 0.0001 0.0000 0.0001 0.0000 0.0000 0.0000 0.0000 0.0000 0.0000 0.0000 0.0000 0.0000 0.0000 0.0000 0.0000 0.0001 0.0000 0.0000 0.0000 0.0000 0.0000 0.0001 0.0001 0.0000 0.0001 0.0006 0.0033 0.0048 0.0003 0.0000 0.0000 0.0000 0.0000 0.0000 0.0000 0.0000 0.0111 0.0005 0.0001 0.0001 0.0005
0.0001 0.0001 0.0000 0.0000 0.0000 0.0000 0.0000 0.0000 0.0000 0.0001 0.0002 0.0000 0.0001 0.0004 0.0002 0.0000 0.0001 0.0001 0.0000 0.0004 0.0003 0.0004 0.0001 0.0019 0.0001 0.0001 0.0004 0.0020 0.0018 0.0049 0.0003 0.0001 0.0001 0.0002 0.0001 0.0001 0.0011 0.0001 0.0001 0.0001 0.0000 0.0002 0.0000 0.0000 0.0000 0.0002 0.0000 0.0000 0.0001 0.0000 0.0000 0.0000 0.0000 0.0000 0.0001 0.0000 0.0000 0.0000 0.0000 0.0000 0.0000 0.0001 0.0001 0.0006 0.0006 0.0019 0.0239 0.0001 0.0000 0.0000 0.0000 0.0000 0.0000 0.0000 0.0000 0.0000 0.0003 0.0000 0.0000 0.0000
0.0005 0.0000 0.0000 0.0000 0.0000 0.0000 0.0000 0.0001 0.0000 0.0001 0.0010 0.0000 0.0001 0.0010 0.0001 0.0000 0.0001 0.0002 0.0006 0.0029 0.0002 0.0005 0.0004 0.0056 0.0018 0.0002 0.0125 0.0009 0.0016 0.0023 0.0004 0.0002 0.0006 0.0001 0.0001 0.0005 0.0015 0.0012 0.0004 0.0009 0.0001 0.0000 0.0000 0.0000 0.0001 0.0001 0.0000 0.0001 0.0003 0.0000 0.0001 0.0000 0.0000 0.0000 0.0001 0.0001 0.0000 0.0000 0.0000 0.0000 0.0003 0.0003 0.0000 0.0004 0.0097 0.0027 0.0345 0.0553 0.0000 0.0000 0.0000 0.0000 0.0000 0.0000 0.0000 0.0000 0.0000 0.0004 0.0001 0.0001
0.0000 0.0000 0.0001 0.0004 0.0000 0.0000 0.0001 0.0000 0.0000 0.0000 0.0009 0.0000 0.0000 0.0006 0.0002 0.0001 0.0004 0.0025 0.0007 0.0060 0.0028 0.0016 0.0009 0.0128 0.0004 0.0005 0.0151 0.0024 0.0023 0.0021 0.0003 0.0002 0.0001 0.0001 0.0003 0.0002 0.0006 0.0006 0.0001 0.0003 0.0000 0.0000 0.0000 0.0001 0.0001 0.0000 0.0000 0.0001 0.0005 0.0000 0.0000 0.0003 0.0000 0.0000 0.0004 0.0009 0.0000 0.0000 0.0002 0.0001 0.0005 0.0011 0.0010 0.0007 0.0063 0.0038 0.0312 0.1361 0.2646 0.0000 0.0000 0.0000 0.0000 0.0000 0.0000 0.0000 0.0000 0.0000 0.0008 0.0017
0.0006 0.0012 0.0006 0.0090 0.0004 0.0000 0.0140 0.1062 0.0001 0.0005 0.0963 0.0032 0.0001 0.0086 0.0031 0.0004 0.0002 0.0010 0.0038 0.0660 0.0229 0.0053 0.0052 0.0797 0.0052 0.0020 0.0101 0.0023 0.0003 0.0006 0.0007 0.0006 0.0004 0.0006 0.0027 0.0010 0.0081 0.0014 0.0002 0.0008 0.0005 0.0003 0.0002 0.0008 0.0140 0.0009 0.0001 0.0013 0.0265 0.0001 0.0002 0.0084 0.0015 0.0001 0.0071 0.0040 0.0002 0.0000 0.0000 0.0001 0.0006 0.0017 0.0007 0.0030 0.0034 0.0044 0.0459 0.1633 0.0589 0.1574 0.0000 0.0000 0.0000 0.0000 0.0000 0.0000 0.0000 0.0000 0.0000 0.0254
0.0004 0.0023 0.0030 0.0042 0.0001 0.0002 0.0097 0.0010 0.0000 0.0008 0.0045 0.0002 0.0001 0.0065 0.0003 0.0002 0.0001 0.0007 0.0015 0.0091 0.0175 0.0003 0.0001 0.0003 0.0004 0.0000 0.0005 0.0001 0.0001 0.0001 0.0005 0.0009 0.0008 0.0014 0.0003 0.0001 0.0001 0.0004 0.0001 0.0004 0.0004 0.0005 0.0001 0.0002 0.0001 0.0003 0.0001 0.0000 0.0016 0.0002 0.0002 0.0023 0.0056 0.0004 0.0047 0.0007 0.0002 0.0001 0.0000 0.0001 0.0019 0.0023 0.0095 0.0064 0.0114 0.0047 0.0525 0.0674 0.0154 0.0228 0.0111 0.0000 0.0000 0.0000 0.0000 0.0000 0.0000 0.0000 0.0000 0.0000
0.0090 0.0344 0.1409 0.3176 0.0129 0.0954 0.4884 0.1929 0.0070 0.0087 0.1167 0.0275 0.0039 0.0055 0.0062 0.0077 0.0007 0.0008 0.0004 0.0046 0.0017 0.0009 0.0011 0.0101 0.0008 0.0054 0.0049 0.0020 0.0000 0.0002 0.0002 0.0015 0.0009 0.0009 0.0065 0.0001 0.0061 0.0012 0.0003 0.0008 0.0005 0.0003 0.0001 0.0004 0.0025 0.0044 0.0001 0.0018 0.0253 0.0018 0.0024 0.0622 0.0923 0.0038 0.0242 0.0164 0.0027 0.0016 0.0002 0.0023 0.0027 0.0031 0.0010 0.0039 0.0045 0.0027 0.0057 0.0037 0.0082 0.0025 0.0005 0.0003 0.0000 0.0000 0.0000 0.0000 0.0000 0.0000 0.0000 0.0000
0.0059 0.0255 0.0630 0.0420 0.0004 0.0391 0.2207 0.0025 0.0011 0.0027 0.0013 0.0001 0.0005 0.0006 0.0001 0.0009 0.0001 0.0000 0.0001 0.0007 0.0002 0.0000 0.0000 0.0000 0.0000 0.0000 0.0005 0.0001 0.0000 0.0000 0.0000 0.0000 0.0001 0.0001 0.0000 0.0000 0.0000 0.0001 0.0001 0.0000 0.0000 0.0001 0.0000 0.0001 0.0000 0.0001 0.0000 0.0000 0.0001 0.0003 0.0001 0.0003 0.0072 0.0004 0.0017 0.0007 0.0007 0.0000 0.0001 0.0001 0.0002 0.0006 0.0003 0.0001 0.0005 0.0002 0.0009 0.0004 0.0016 0.0005 0.0001 0.0000 0.0004 0.0000 0.0000 0.0000 0.0000 0.0000 0.0000 0.0000
0.0118 0.0537 0.1281 0.0689 0.0008 0.0385 0.0585 0.0062 0.0037 0.0051 0.0107 0.0004 0.0009 0.0003 0.0000 0.0003 0.0003 0.0000 0.0000 0.0001 0.0001 0.0000 0.0000 0.0000 0.0001 0.0000 0.0001 0.0001 0.0000 0.0000 0.0000 0.0000 0.0001 0.0001 0.0000 0.0000 0.0000 0.0000 0.0000 0.0000 0.0000 0.0000 0.0001 0.0001 0.0001 0.0000 0.0001 0.0005 0.0011 0.0005 0.0004 0.0004 0.0040 0.0035 0.0022 0.0004 0.0007 0.0001 0.0000 0.0000 0.0001 0.0004 0.0006 0.0007 0.0004 0.0001 0.0002 0.0001 0.0000 0.0002 0.0001 0.0000 0.0001 0.0008 0.0000 0.0000 0.0000 0.0000 0.0000 0.0000
0.0104 0.0331 0.1294 0.1378 0.0007 0.0336 0.0772 0.0007 0.0001 0.0105 0.0303 0.0000 0.0021 0.0022 0.0001 0.0003 0.0008 0.0003 0.0000 0.0001 0.0001 0.0000 0.0000 0.0000 0.0002 0.0000 0.0001 0.0002 0.0001 0.0000 0.0000 0.0001 0.0000 0.0001 0.0001 0.0001 0.0000 0.0000 0.0000 0.0000 0.0000 0.0000 0.0001 0.0004 0.0000 0.0001 0.0000 0.0000 0.0000 0.0002 0.0001 0.0001 0.0002 0.0035 0.0016 0.0003 0.0023 0.0003 0.0001 0.0000 0.0001 0.0003 0.0018 0.0010 0.0011 0.0007 0.0004 0.0003 0.0001 0.0002 0.0005 0.0000 0.0001 0.0017 0.0254 0.0000 0.0000 0.0000 0.0000 0.0000
