0.0000 0.0000 0.0000 0.0000 0.0000 0.0333 0.0035 0.0002 0.0037 0.0011 0.0000 0.0000 0.0000 0.0000 0.0000 0.0000 0.0000 0.0000 0.0000 0.0000 0.0000 0.0000 0.0000 0.0000 0.0000 0.0002 0.0001 0.0077 0.0030 0.0035 0.0032 0.0091 0.0229 0.0023 0.0048 0.0010 0.0029 0.0009 0.0056 0.0042 0.0037 0.0058 0.0001 0.0021 0.0007 0.0004 0.0001 0.0003 0.0002 0.0001 0.0018 0.0012 0.0004 0.0001 0.0157 0.0189 0.0010 0.0077 0.1745 0.0959 0.0449 0.1084 0.0272 0.0176 0.0014 0.0003 0.0001 0.0001 0.0001 0.0002 0.0001 0.0000 0.0002 0.0000 0.0005 0.0001 0.0003 0.0001 0.0001 0.0006
0.0000 0.0000 0.0000 0.0000 0.0000 0.0000 0.0045 0.0000 0.0003 0.0008 0.0000 0.0000 0.0000 0.0000 0.0000 0.0000 0.0000 0.0000 0.0000 0.0000 0.0000 0.0000 0.0000 0.0000 0.0000 0.0000 0.0000 0.0011 0.0007 0.0010 0.0007 0.0023 0.0039 0.0004 0.0007 0.0003 0.0003 0.0002 0.0004 0.0001 0.0001 0.0003 0.0000 0.0001 0.0000 0.0000 0.0000 0.0000 0.0000 0.0000 0.0001 0.0000 0.0000 0.0000 0.0004 0.0004 0.0001 0.0004 0.0062 0.0050 0.0039 0.0063 0.0016 0.0007 0.0003 0.0000 0.0000 0.0000 0.0000 0.0000 0.0000 0.0000 0.0000 0.0000 0.0001 0.0000 0.0001 0.0000 0.0001 0.0002
0.0000 0.0000 0.0000 0.0000 0.0000 0.0000 0.0000 0.0000 0.0001 0.0000 0.0000 0.0000 0.0000 0.0000 0.0000 0.0000 0.0000 0.0000 0.0000 0.0000 0.0000 0.0000 0.0000 0.0000 0.0000 0.0000 0.0000 0.0005 0.0006 0.0005 0.0002 0.0019 0.0036 0.0005 0.0005 0.0003 0.0005 0.0005 0.0009 0.0004 0.0002 0.0023 0.0000 0.0001 0.0001 0.0006 0.0000 0.0001 0.0005 0.0001 0.0029 0.0026 0.0005 0.0001 0.0570 0.0182 0.0003 0.0056 0.2819 0.0624 0.0313 0.0250 0.0101 0.0025 0.0003 0.0000 0.0000 0.0000 0.0000 0.0000 0.0000 0.0000 0.0000 0.0000 0.0001 0.0000 0.0002 0.0001 0.0001 0.0007
0.0000 0.0000 0.0000 0.0000 0.0000 0.0000 0.0000 0.0000 0.0008 0.0000 0.0000 0.0002 0.0000 0.0000 0.0000 0.0000 0.0000 0.0000 0.0000 0.0000 0.0000 0.0001 0.0000 0.0040 0.0001 0.0288 0.0007 0.1505 0.0059 0.0038 0.0027 0.0198 0.0385 0.0081 0.1548 0.0015 0.0351 0.0020 0.0035 0.0174 0.0004 0.0029 0.0000 0.0007 0.0112 0.0012 0.0000 0.0041 0.0243 0.0001 0.0083 0.3754 0.0103 0.0001 0.1712 0.8016 0.0019 0.0063 0.6313 0.2540 0.2997 0.2130 0.3738 0.6790 0.0020 0.0027 0.0000 0.0004 0.0000 0.0000 0.0000 0.0000 0.0001 0.0000 0.0030 0.0000 0.0053 0.0002 0.0002 0.0004
0.0000 0.0000 0.0000 0.0000 0.0000 0.0000 0.0000 0.0000 0.0000 0.0003 0.0001 0.0002 0.0000 0.0000 0.0000 0.0000 0.0000 0.0000 0.0000 0.0000 0.0000 0.0002 0.0000 0.0077 0.0001 0.0176 0.0002 0.0400 0.0006 0.0002 0.0001 0.0008 0.0029 0.0004 0.0181 0.0003 0.0028 0.0001 0.0001 0.0001 0.0000 0.0001 0.0000 0.0000 0.0003 0.0000 0.0000 0.0002 0.0001 0.0000 0.0001 0.0009 0.0001 0.0000 0.0002 0.0033 0.0000 0.0000 0.0013 0.0017 0.0099 0.0047 0.0061 0.2525 0.0015 0.0086 0.0000 0.0002 0.0000 0.0000 0.0000 0.0000 0.0000 0.0000 0.0003 0.0000 0.0006 0.0001 0.0001 0.0001
0.0333 0.0000 0.0000 0.0000 0.0000 0.0000 0.0000 0.0000 0.0000 0.0000 0.0001 0.0000 0.0000 0.0000 0.0000 0.0000 0.0000 0.0000 0.0000 0.0000 0.0000 0.0000 0.0000 0.0000 0.0000 0.0000 0.0000 0.0002 0.0000 0.0000 0.0000 0.0000 0.0007 0.0001 0.0006 0.0002 0.0003 0.0001 0.0001 0.0000 0.0000 0.0002 0.0000 0.0000 0.0000 0.0002 0.0000 0.0000 0.0000 0.0000 0.0003 0.0001 0.0001 0.0000 0.0036 0.0004 0.0000 0.0001 0.0062 0.0011 0.0039 0.0013 0.0007 0.0015 0.0001 0.0001 0.0000 0.0000 0.0000 0.0000 0.0000 0.0000 0.0000 0.0000 0.0001 0.0000 0.0001 0.0000 0.0001 0.0003
0.0035 0.0045 0.0000 0.0000 0.0000 0.0000 0.0000 0.0000 0.0000 0.0000 0.0000 0.0000 0.0000 0.0000 0.0000 0.0000 0.0000 0.0000 0.0000 0.0000 0.0000 0.0001 0.0000 0.0007 0.0001 0.0053 0.0002 0.0132 0.0029 0.0007 0.0003 0.0034 0.0484 0.0088 0.0750 0.0052 0.0104 0.0034 0.0024 0.0032 0.0001 0.0107 0.0000 0.0013 0.0081 0.0075 0.0002 0.0261 0.0257 0.0025 0.0937 0.5351 0.0123 0.0061 0.7765 0.6267 0.0015 0.0265 0.5500 0.0308 0.0933 0.0161 0.0283 0.1215 0.0028 0.0063 0.0004 0.0004 0.0001 0.0001 0.0000 0.0000 0.0000 0.0000 0.0015 0.0001 0.0039 0.0009 0.0012 0.0009
0.0002 0.0000 0.0000 0.0000 0.0000 0.0000 0.0000 0.0000 0.0000 0.0000 0.0000 0.0000 0.0000 0.0000 0.0000 0.0000 0.0000 0.0000 0.0000 0.0000 0.0000 0.0032 0.0016 0.3025 0.0010 0.2993 0.0004 0.0189 0.0000 0.0000 0.0000 0.0001 0.0017 0.0006 0.2484 0.0022 0.0794 0.0004 0.0001 0.0013 0.0000 0.0001 0.0000 0.0001 0.0086 0.0006 0.0000 0.0596 0.0539 0.0002 0.0066 0.4598 0.0054 0.0000 0.0251 0.1373 0.0001 0.0001 0.0012 0.0001 0.0009 0.0004 0.0020 0.3340 0.0042 0.3731 0.0005 0.0136 0.0000 0.0000 0.0000 0.0000 0.0000 0.0000 0.0032 0.0000 0.0036 0.0001 0.0001 0.0001
0.0037 0.0003 0.0001 0.0008 0.0000 0.0000 0.0000 0.0000 0.0000 0.0000 0.0000 0.0000 0.0000 0.0000 0.0000 0.0000 0.0000 0.0000 0.0000 0.0000 0.0000 0.0001 0.0001 0.0042 0.0004 0.0034 0.0000 0.0006 0.0000 0.0000 0.0000 0.0001 0.0033 0.0009 0.0144 0.0006 0.0017 0.0003 0.0000 0.0000 0.0000 0.0000 0.0000 0.0000 0.0002 0.0007 0.0000 0.0002 0.0006 0.0000 0.0001 0.0004 0.0002 0.0000 0.0006 0.0001 0.0000 0.0000 0.0001 0.0000 0.0001 0.0001 0.0001 0.0008 0.0002 0.0042 0.0003 0.0007 0.0000 0.0000 0.0000 0.0000 0.0001 0.0000 0.0008 0.0000 0.0008 0.0002 0.0002 0.0003
0.0011 0.0008 0.0000 0.0000 0.0003 0.0000 0.0000 0.0000 0.0000 0.0000 0.0000 0.0000 0.0000 0.0000 0.0000 0.0000 0.0000 0.0000 0.0000 0.0000 0.0000 0.0000 0.0000 0.0001 0.0000 0.0000 0.0000 0.0000 0.0000 0.0000 0.0000 0.0000 0.0001 0.0000 0.0020 0.0005 0.0018 0.0010 0.0001 0.0001 0.0000 0.0004 0.0000 0.0002 0.0003 0.0007 0.0003 0.0066 0.0013 0.0003 0.0529 0.0413 0.0012 0.0012 0.2300 0.0085 0.0001 0.0005 0.0061 0.0001 0.0003 0.0002 0.0001 0.0008 0.0000 0.0009 0.0000 0.0001 0.0000 0.0000 0.0000 0.0000 0.0000 0.0000 0.0007 0.0000 0.0009 0.0003 0.0003 0.0008
0.0000 0.0000 0.0000 0.0000 0.0001 0.0001 0.0000 0.0000 0.0000 0.0000 0.0000 0.0000 0.0000 0.0000 0.0000 0.0003 0.0000 0.0000 0.0000 0.0001 0.0001 0.1797 0.0021 0.4377 0.0006 0.0530 0.0000 0.0004 0.0000 0.0000 0.0000 0.0000 0.0005 0.0001 0.1649 0.0017 0.3882 0.0125 0.0003 0.0107 0.0000 0.0011 0.0000 0.0044 0.0803 0.0027 0.0034 0.5963 0.2273 0.0014 0.4732 0.8905 0.0134 0.0013 0.5716 0.0912 0.0001 0.0000 0.0004 0.0000 0.0002 0.0002 0.0003 0.0434 0.0003 0.2253 0.0003 0.0494 0.0002 0.0002 0.0000 0.0000 0.0003 0.0000 0.0079 0.0001 0.0080 0.0002 0.0002 0.0004
0.0000 0.0000 0.0000 0.0002 0.0002 0.0000 0.0000 0.0000 0.0000 0.0000 0.0000 0.0000 0.0000 0.0000 0.0000 0.0000 0.0003 0.0002 0.0000 0.0013 0.0035 0.8556 0.0658 0.4281 0.0026 0.0291 0.0000 0.0001 0.0000 0.0000 0.0000 0.0000 0.0001 0.0001 0.0261 0.0006 0.2634 0.0125 0.0014 0.0206 0.0000 0.0029 0.0000 0.0005 0.0393 0.0076 0.0005 0.0727 0.0396 0.0007 0.0045 0.0295 0.0009 0.0001 0.0012 0.0003 0.0000 0.0000 0.0000 0.0000 0.0000 0.0000 0.0000 0.0023 0.0002 0.0468 0.0014 0.1046 0.0011 0.0019 0.0001 0.0001 0.0018 0.0001 0.0315 0.0003 0.0105 0.0004 0.0004 0.0004
0.0000 0.0000 0.0000 0.0000 0.0000 0.0000 0.0000 0.0000 0.0000 0.0000 0.0000 0.0000 0.0000 0.0000 0.0000 0.0000 0.0000 0.0098 0.0001 0.0001 0.0000 0.0019 0.0000 0.0001 0.0000 0.0000 0.0000 0.0000 0.0000 0.0000 0.0000 0.0000 0.0000 0.0000 0.0001 0.0000 0.0010 0.0023 0.0005 0.0002 0.0000 0.0007 0.0000 0.0000 0.0001 0.0003 0.0001 0.0002 0.0002 0.0000 0.0015 0.0001 0.0000 0.0000 0.0006 0.0000 0.0000 0.0000 0.0000 0.0000 0.0000 0.0000 0.0000 0.0000 0.0000 0.0001 0.0001 0.0003 0.0001 0.0003 0.0000 0.0000 0.0001 0.0000 0.0007 0.0001 0.0002 0.0002 0.0002 0.0007
0.0000 0.0000 0.0000 0.0000 0.0000 0.0000 0.0000 0.0000 0.0000 0.0000 0.0000 0.0000 0.0000 0.0000 0.0000 0.0000 0.0000 0.0000 0.0056 0.0601 0.0004 0.0151 0.0001 0.0001 0.0000 0.0000 0.0000 0.0000 0.0000 0.0000 0.0000 0.0000 0.0000 0.0000 0.0001 0.0001 0.0137 0.0210 0.0067 0.0062 0.0006 0.0031 0.0000 0.0166 0.0007 0.0012 0.0143 0.2473 0.0071 0.0035 0.5135 0.1205 0.0021 0.0054 0.1695 0.0002 0.0000 0.0000 0.0000 0.0000 0.0000 0.0000 0.0000 0.0001 0.0001 0.0003 0.0002 0.0006 0.0003 0.0004 0.0000 0.0000 0.0001 0.0000 0.0023 0.0004 0.0010 0.0005 0.0003 0.0006
0.0000 0.0000 0.0000 0.0000 0.0000 0.0000 0.0000 0.0000 0.0000 0.0000 0.0000 0.0000 0.0000 0.0000 0.0000 0.0000 0.0000 0.0000 0.0000 0.9551 0.2044 0.9827 0.0213 0.0222 0.0001 0.0005 0.0000 0.0000 0.0000 0.0000 0.0000 0.0000 0.0000 0.0000 0.0005 0.0002 0.6404 0.0199 0.0436 0.6473 0.0048 0.0047 0.0000 0.1756 0.2183 0.0020 0.0212 0.6882 0.0435 0.0004 0.0957 0.0502 0.0002 0.0000 0.0009 0.0000 0.0000 0.0000 0.0000 0.0000 0.0000 0.0000 0.0000 0.0001 0.0000 0.0047 0.0019 0.1182 0.0044 0.0048 0.0004 0.0002 0.0038 0.0002 0.0266 0.0005 0.0083 0.0003 0.0001 0.0002
0.0000 0.0000 0.0000 0.0000 0.0000 0.0000 0.0000 0.0000 0.0000 0.0000 0.0003 0.0000 0.0000 0.0000 0.0000 0.0000 0.0000 0.0000 0.0000 0.0000 0.1513 0.5314 0.0029 0.0006 0.0000 0.0000 0.0000 0.0000 0.0000 0.0000 0.0000 0.0000 0.0000 0.0000 0.0000 0.0000 0.0108 0.0016 0.0845 0.1082 0.0049 0.0106 0.0001 0.0092 0.0133 0.0041 0.0014 0.0081 0.0016 0.0008 0.0024 0.0003 0.0001 0.0000 0.0001 0.0000 0.0000 0.0000 0.0000 0.0000 0.0000 0.0000 0.0000 0.0000 0.0002 0.0001 0.0049 0.0066 0.0071 0.0169 0.0022 0.0013 0.0121 0.0023 0.0291 0.0031 0.0057 0.0013 0.0007 0.0012
0.0000 0.0000 0.0000 0.0000 0.0000 0.0000 0.0000 0.0000 0.0000 0.0000 0.0000 0.0003 0.0000 0.0000 0.0000 0.0000 0.0000 0.0000 0.0000 0.0000 0.0000 0.0007 0.0000 0.0000 0.0000 0.0000 0.0000 0.0000 0.0000 0.0000 0.0000 0.0000 0.0000 0.0000 0.0000 0.0000 0.0000 0.0000 0.0016 0.0007 0.0008 0.0013 0.0000 0.0015 0.0001 0.0002 0.0017 0.0029 0.0000 0.0001 0.0030 0.0000 0.0000 0.0000 0.0000 0.0000 0.0000 0.0000 0.0000 0.0000 0.0000 0.0000 0.0000 0.0000 0.0000 0.0000 0.0000 0.0000 0.0002 0.0005 0.0001 0.0000 0.0002 0.0000 0.0003 0.0001 0.0000 0.0001 0.0000 0.0002
0.0000 0.0000 0.0000 0.0000 0.0000 0.0000 0.0000 0.0000 0.0000 0.0000 0.0000 0.0002 0.0098 0.0000 0.0000 0.0000 0.0000 0.0000 0.0000 0.0000 0.0000 0.0000 0.0002 0.0000 0.0000 0.0000 0.0000 0.0000 0.0000 0.0000 0.0000 0.0000 0.0000 0.0000 0.0000 0.0000 0.0006 0.0001 0.0347 0.0245 0.0579 0.0079 0.0064 0.4020 0.0105 0.0036 0.1161 0.2082 0.0010 0.0033 0.0623 0.0011 0.0001 0.0001 0.0004 0.0000 0.0000 0.0000 0.0000 0.0000 0.0000 0.0000 0.0001 0.0000 0.0003 0.0000 0.0012 0.0005 0.0055 0.0053 0.0006 0.0002 0.0019 0.0002 0.0032 0.0004 0.0008 0.0006 0.0005 0.0004
0.0000 0.0000 0.0000 0.0000 0.0000 0.0000 0.0000 0.0000 0.0000 0.0000 0.0000 0.0000 0.0001 0.0056 0.0000 0.0000 0.0000 0.0000 0.0000 0.0000 0.0000 0.0000 0.0000 0.0000 0.0000 0.0000 0.0000 0.0000 0.0000 0.0000 0.0000 0.0000 0.0000 0.0000 0.0000 0.0000 0.0001 0.0000 0.0351 0.0218 0.0996 0.0070 0.0007 0.1102 0.0065 0.0015 0.0222 0.0271 0.0005 0.0004 0.0066 0.0001 0.0000 0.0000 0.0001 0.0000 0.0000 0.0000 0.0000 0.0000 0.0000 0.0000 0.0000 0.0000 0.0002 0.0000 0.0012 0.0004 0.0054 0.0049 0.0009 0.0006 0.0036 0.0004 0.0019 0.0004 0.0007 0.0005 0.0002 0.0005
0.0000 0.0000 0.0000 0.0000 0.0000 0.0000 0.0000 0.0000 0.0000 0.0000 0.0001 0.0013 0.0001 0.0601 0.9551 0.0000 0.0000 0.0000 0.0000 0.0000 0.0000 0.0000 0.0000 0.0000 0.0000 0.0000 0.0000 0.0000 0.0000 0.0000 0.0000 0.0000 0.0000 0.0000 0.0000 0.0000 0.0001 0.0001 0.8218 0.8164 0.5880 0.0667 0.0010 0.4339 0.1674 0.0046 0.0654 0.2470 0.0021 0.0010 0.0081 0.0004 0.0000 0.0000 0.0004 0.0000 0.0000 0.0000 0.0000 0.0000 0.0001 0.0007 0.0003 0.0003 0.0028 0.0002 0.0014 0.0014 0.0034 0.0060 0.0011 0.0014 0.0099 0.0009 0.0070 0.0006 0.0019 0.0006 0.0003 0.0005
0.0000 0.0000 0.0000 0.0000 0.0000 0.0000 0.0000 0.0000 0.0000 0.0000 0.0001 0.0035 0.0000 0.0004 0.2044 0.1513 0.0000 0.0000 0.0000 0.0000 0.0000 0.0000 0.0000 0.0000 0.0000 0.0000 0.0000 0.0000 0.0000 0.0000 0.0000 0.0000 0.0000 0.0000 0.0000 0.0000 0.0004 0.0162 0.9239 0.9577 0.4667 0.1227 0.0001 0.1739 0.1284 0.0032 0.0162 0.0687 0.0008 0.0002 0.0069 0.0002 0.0001 0.0000 0.0005 0.0001 0.0000 0.0000 0.0001 0.0001 0.0004 0.0019 0.0004 0.0005 0.0086 0.0003 0.0047 0.0004 0.0019 0.0014 0.0006 0.0008 0.0020 0.0010 0.0044 0.0034 0.0014 0.0076 0.0010 0.0033
0.0000 0.0000 0.0000 0.0001 0.0002 0.0000 0.0001 0.0032 0.0001 0.0000 0.1797 0.8556 0.0019 0.0151 0.9827 0.5314 0.0007 0.0000 0.0000 0.0000 0.0000 0.0000 0.0000 0.0000 0.0000 0.0000 0.0000 0.0000 0.0000 0.0000 0.0000 0.0000 0.0000 0.0000 0.0000 0.0001 0.9896 0.9399 0.9898 0.9383 0.0167 0.0084 0.0000 0.1074 0.8819 0.0028 0.0095 0.7527 0.0569 0.0001 0.0087 0.0089 0.0001 0.0000 0.0003 0.0008 0.0000 0.0000 0.0001 0.0002 0.0014 0.0083 0.0007 0.0125 0.0024 0.0100 0.0004 0.0119 0.0005 0.0022 0.0004 0.0015 0.0043 0.0012 0.0705 0.0007 0.0221 0.0012 0.0005 0.0010
0.0000 0.0000 0.0000 0.0000 0.0000 0.0000 0.0000 0.0016 0.0001 0.0000 0.0021 0.0658 0.0000 0.0001 0.0213 0.0029 0.0000 0.0002 0.0000 0.0000 0.0000 0.0000 0.0000 0.0000 0.0000 0.0000 0.0000 0.0000 0.0000 0.0000 0.0000 0.0000 0.0000 0.0000 0.0002 0.1508 0.9940 0.9966 0.8172 0.9817 0.0036 0.0038 0.0000 0.0281 0.3006 0.0002 0.0002 0.0536 0.0055 0.0000 0.0012 0.0070 0.0002 0.0000 0.0005 0.0019 0.0001 0.0000 0.0001 0.0002 0.0011 0.0052 0.0006 0.0045 0.0032 0.0021 0.0021 0.0035 0.0037 0.0022 0.0006 0.0043 0.0035 0.0016 0.0073 0.0044 0.0085 0.0135 0.0008 0.0050
0.0000 0.0000 0.0000 0.0040 0.0077 0.0000 0.0007 0.3025 0.0042 0.0001 0.4377 0.4281 0.0001 0.0001 0.0222 0.0006 0.0000 0.0000 0.0000 0.0000 0.0000 0.0000 0.0000 0.0000 0.0000 0.0000 0.0000 0.0000 0.0000 0.0000 0.0000 0.0001 0.0000 0.0002 0.9779 0.9846 0.9984 0.2109 0.0011 0.0184 0.0000 0.0001 0.0000 0.0008 0.2867 0.0005 0.0002 0.6418 0.4938 0.0001 0.0102 0.5377 0.0011 0.0000 0.0003 0.0052 0.0001 0.0000 0.0001 0.0002 0.0023 0.0117 0.0089 0.0832 0.0040 0.0474 0.0003 0.0169 0.0013 0.0027 0.0002 0.0028 0.0109 0.0059 0.0805 0.0005 0.0174 0.0011 0.0005 0.0021
0.0000 0.0000 0.0000 0.0001 0.0001 0.0000 0.0001 0.0010 0.0004 0.0000 0.0006 0.0026 0.0000 0.0000 0.0001 0.0000 0.0000 0.0000 0.0000 0.0000 0.0000 0.0000 0.0000 0.0000 0.0000 0.0000 0.0000 0.0000 0.0000 0.0000 0.0000 0.0012 0.0011 0.1640 0.9877 0.9956 0.6488 0.8103 0.0007 0.0073 0.0000 0.0004 0.0000 0.0001 0.0017 0.0001 0.0000 0.0002 0.0007 0.0000 0.0001 0.0012 0.0002 0.0000 0.0002 0.0003 0.0001 0.0000 0.0001 0.0002 0.0039 0.0054 0.0158 0.0053 0.0100 0.0017 0.0015 0.0006 0.0057 0.0015 0.0005 0.0030 0.0022 0.0161 0.0035 0.0060 0.0051 0.0660 0.0026 0.0480
0.0002 0.0000 0.0000 0.0288 0.0176 0.0000 0.0053 0.2993 0.0034 0.0000 0.0530 0.0291 0.0000 0.0000 0.0005 0.0000 0.0000 0.0000 0.0000 0.0000 0.0000 0.0000 0.0000 0.0000 0.0000 0.0000 0.0000 0.0000 0.0000 0.0000 0.0045 0.0952 0.2236 0.9159 0.9975 0.3059 0.0016 0.0003 0.0000 0.0001 0.0000 0.0000 0.0000 0.0000 0.0005 0.0000 0.0000 0.0067 0.0714 0.0000 0.0016 0.5242 0.0164 0.0000 0.0013 0.0440 0.0001 0.0000 0.0001 0.0002 0.0028 0.0035 0.0076 0.0204 0.0050 0.0099 0.0003 0.0085 0.0004 0.0006 0.0001 0.0008 0.0033 0.0058 0.0565 0.0012 0.0311 0.0007 0.0003 0.0016
0.0001 0.0000 0.0000 0.0007 0.0002 0.0000 0.0002 0.0004 0.0000 0.0000 0.0000 0.0000 0.0000 0.0000 0.0000 0.0000 0.0000 0.0000 0.0000 0.0000 0.0000 0.0000 0.0000 0.0000 0.0000 0.0000 0.0000 0.0000 0.0000 0.0000 0.0000 0.6131 0.9097 0.9725 0.7551 0.2569 0.0002 0.0010 0.0000 0.0000 0.0000 0.0000 0.0000 0.0000 0.0000 0.0000 0.0000 0.0000 0.0000 0.0000 0.0000 0.0004 0.0003 0.0000 0.0002 0.0042 0.0003 0.0000 0.0006 0.0004 0.0018 0.0016 0.0139 0.0023 0.0171 0.0052 0.0048 0.0036 0.0232 0.0017 0.0005 0.0024 0.0044 0.0242 0.0093 0.0122 0.0090 0.0196 0.0032 0.0275
0.0077 0.0011 0.0005 0.1505 0.0400 0.0002 0.0132 0.0189 0.0006 0.0000 0.0004 0.0001 0.0000 0.0000 0.0000 0.0000 0.0000 0.0000 0.0000 0.0000 0.0000 0.0000 0.0000 0.0000 0.0000 0.0000 0.0000 0.0000 0.0000 0.0000 0.0000 0.0000 0.5835 0.2439 0.0355 0.0012 0.0000 0.0000 0.0000 0.0000 0.0000 0.0000 0.0000 0.0000 0.0000 0.0000 0.0000 0.0001 0.0012 0.0000 0.0004 0.0613 0.0125 0.0000 0.0178 0.2693 0.0028 0.0002 0.0014 0.0012 0.0015 0.0040 0.0031 0.0080 0.0046 0.0039 0.0011 0.0074 0.0031 0.0014 0.0002 0.0003 0.0041 0.0071 0.0271 0.0056 0.0204 0.0023 0.0011 0.0048
0.0030 0.0007 0.0006 0.0059 0.0006 0.0000 0.0029 0.0000 0.0000 0.0000 0.0000 0.0000 0.0000 0.0000 0.0000 0.0000 0.0000 0.0000 0.0000 0.0000 0.0000 0.0000 0.0000 0.0000 0.0000 0.0000 0.0000 0.0000 0.0000 0.0000 0.0000 0.0000 0.0000 0.0410 0.0005 0.0004 0.0000 0.0000 0.0000 0.0000 0.0000 0.0000 0.0000 0.0000 0.0000 0.0000 0.0000 0.0000 0.0000 0.0000 0.0000 0.0001 0.0006 0.0000 0.0071 0.0169 0.0038 0.0004 0.0030 0.0013 0.0005 0.0012 0.0022 0.0002 0.0061 0.0002 0.0052 0.0021 0.0120 0.0053 0.0017 0.0019 0.0195 0.0548 0.0101 0.0218 0.0040 0.0057 0.0037 0.0093
0.0035 0.0010 0.0005 0.0038 0.0002 0.0000 0.0007 0.0000 0.0000 0.0000 0.0000 0.0000 0.0000 0.0000 0.0000 0.0000 0.0000 0.0000 0.0000 0.0000 0.0000 0.0000 0.0000 0.0000 0.0000 0.0000 0.0000 0.0000 0.0000 0.0000 0.0000 0.0000 0.0000 0.0000 0.0004 0.0001 0.0000 0.0000 0.0000 0.0000 0.0000 0.0000 0.0000 0.0000 0.0000 0.0000 0.0000 0.0000 0.0000 0.0000 0.0000 0.0000 0.0001 0.0000 0.0010 0.0032 0.0016 0.0003 0.0009 0.0007 0.0002 0.0010 0.0005 0.0002 0.0038 0.0004 0.0013 0.0010 0.0020 0.0017 0.0003 0.0004 0.0047 0.0140 0.0069 0.0165 0.0027 0.0020 0.0010 0.0009
0.0032 0.0007 0.0002 0.0027 0.0001 0.0000 0.0003 0.0000 0.0000 0.0000 0.0000 0.0000 0.0000 0.0000 0.0000 0.0000 0.0000 0.0000 0.0000 0.0000 0.0000 0.0000 0.0000 0.0000 0.0000 0.0045 0.0000 0.0000 0.0000 0.0000 0.0000 0.0000 0.0000 0.0000 0.0000 0.0010 0.0000 0.0000 0.0000 0.0000 0.0000 0.0000 0.0000 0.0000 0.0000 0.0000 0.0000 0.0000 0.0000 0.0000 0.0000 0.0000 0.0003 0.0000 0.0023 0.0027 0.0012 0.0002 0.0006 0.0002 0.0000 0.0002 0.0001 0.0000 0.0005 0.0000 0.0002 0.0001 0.0014 0.0007 0.0001 0.0001 0.0007 0.0013 0.0007 0.0030 0.0007 0.0020 0.0006 0.0010
0.0091 0.0023 0.0019 0.0198 0.0008 0.0000 0.0034 0.0001 0.0001 0.0000 0.0000 0.0000 0.0000 0.0000 0.0000 0.0000 0.0000 0.0000 0.0000 0.0000 0.0000 0.0000 0.0000 0.0001 0.0012 0.0952 0.6131 0.0000 0.0000 0.0000 0.0000 0.0000 0.0000 0.0000 0.0000 0.0000 0.0000 0.0000 0.0000 0.0000 0.0000 0.0000 0.0000 0.0000 0.0000 0.0000 0.0000 0.0000 0.0000 0.0000 0.0000 0.0002 0.0003 0.0000 0.0040 0.0086 0.0027 0.0003 0.0007 0.0001 0.0000 0.0002 0.0002 0.0001 0.0024 0.0001 0.0005 0.0003 0.0010 0.0009 0.0001 0.0001 0.0029 0.0020 0.0027 0.0056 0.0013 0.0026 0.0006 0.0014
0.0229 0.0039 0.0036 0.0385 0.0029 0.0007 0.0484 0.0017 0.0033 0.0001 0.0005 0.0001 0.0000 0.0000 0.0000 0.0000 0.0000 0.0000 0.0000 0.0000 0.0000 0.0000 0.0000 0.0000 0.0011 0.2236 0.9097 0.5835 0.0000 0.0000 0.0000 0.0000 0.0000 0.0000 0.0000 0.0000 0.0000 0.0000 0.0000 0.0000 0.0000 0.0000 0.0000 0.0000 0.0000 0.0000 0.0000 0.0001 0.0001 0.0000 0.0055 0.0184 0.0072 0.0003 0.1009 0.0728 0.0065 0.0025 0.0009 0.0001 0.0000 0.0004 0.0001 0.0004 0.0008 0.0007 0.0007 0.0027 0.0036 0.0037 0.0002 0.0003 0.0147 0.0051 0.0156 0.0103 0.0057 0.0083 0.0016 0.0066
0.0023 0.0004 0.0005 0.0081 0.0004 0.0001 0.0088 0.0006 0.0009 0.0000 0.0001 0.0001 0.0000 0.0000 0.0000 0.0000 0.0000 0.0000 0.0000 0.0000 0.0000 0.0000 0.0000 0.0002 0.1640 0.9159 0.9725 0.2439 0.0410 0.0000 0.0000 0.0000 0.0000 0.0000 0.0000 0.0000 0.0000 0.0000 0.0000 0.0000 0.0000 0.0000 0.0000 0.0000 0.0000 0.0000 0.0000 0.0000 0.0000 0.0000 0.0007 0.0011 0.0003 0.0000 0.0052 0.0029 0.0002 0.0001 0.0000 0.0000 0.0000 0.0000 0.0000 0.0001 0.0014 0.0001 0.0003 0.0005 0.0006 0.0005 0.0000 0.0000 0.0008 0.0007 0.0016 0.0041 0.0008 0.0088 0.0005 0.0057
0.0048 0.0007 0.0005 0.1548 0.0181 0.0006 0.0750 0.2484 0.0144 0.0020 0.1649 0.0261 0.0001 0.0001 0.0005 0.0000 0.0000 0.0000 0.0000 0.0000 0.0000 0.0000 0.0002 0.9779 0.9877 0.9975 0.7551 0.0355 0.0005 0.0004 0.0000 0.0000 0.0000 0.0000 0.0000 0.0000 0.0000 0.0000 0.0000 0.0001 0.0000 0.0000 0.0000 0.0005 0.0005 0.0000 0.0003 0.3697 0.0890 0.0001 0.0240 0.3955 0.0050 0.0001 0.0075 0.0365 0.0002 0.0001 0.0000 0.0000 0.0000 0.0002 0.0000 0.0057 0.0003 0.0081 0.0004 0.0175 0.0012 0.0009 0.0000 0.0000 0.0016 0.0002 0.0215 0.0007 0.0111 0.0013 0.0002 0.0005
0.0010 0.0003 0.0003 0.0015 0.0003 0.0002 0.0052 0.0022 0.0006 0.0005 0.0017 0.0006 0.0000 0.0001 0.0002 0.0000 0.0000 0.0000 0.0000 0.0000 0.0000 0.0001 0.1508 0.9846 0.9956 0.3059 0.2569 0.0012 0.0004 0.0001 0.0010 0.0000 0.0000 0.0000 0.0000 0.0000 0.0000 0.0000 0.0000 0.0000 0.0000 0.0000 0.0000 0.0001 0.0000 0.0000 0.0000 0.0007 0.0002 0.0000 0.0000 0.0001 0.0000 0.0000 0.0000 0.0001 0.0000 0.0000 0.0000 0.0000 0.0000 0.0001 0.0002 0.0001 0.0004 0.0004 0.0004 0.0008 0.0010 0.0005 0.0001 0.0002 0.0010 0.0011 0.0022 0.0016 0.0015 0.0144 0.0037 0.0057
0.0029 0.0003 0.0005 0.0351 0.0028 0.0003 0.0104 0.0794 0.0017 0.0018 0.3882 0.2634 0.0010 0.0137 0.6404 0.0108 0.0000 0.0006 0.0001 0.0001 0.0004 0.9896 0.9940 0.9984 0.6488 0.0016 0.0002 0.0000 0.0000 0.0000 0.0000 0.0000 0.0000 0.0000 0.0000 0.0000 0.0000 0.0000 0.0000 0.0000 0.0000 0.0011 0.0000 0.0237 0.8187 0.0005 0.0005 0.6915 0.1272 0.0000 0.0006 0.0080 0.0001 0.0000 0.0000 0.0001 0.0000 0.0000 0.0000 0.0000 0.0000 0.0000 0.0000 0.0002 0.0001 0.0044 0.0005 0.0173 0.0007 0.0005 0.0000 0.0000 0.0001 0.0000 0.0064 0.0005 0.0128 0.0019 0.0007 0.0007
0.0009 0.0002 0.0005 0.0020 0.0001 0.0001 0.0034 0.0004 0.0003 0.0010 0.0125 0.0125 0.0023 0.0210 0.0199 0.0016 0.0000 0.0001 0.0000 0.0001 0.0162 0.9399 0.9966 0.2109 0.8103 0.0003 0.0010 0.0000 0.0000 0.0000 0.0000 0.0000 0.0000 0.0000 0.0000 0.0000 0.0000 0.0000 0.0000 0.0000 0.0000 0.0000 0.0000 0.0002 0.0010 0.0000 0.0000 0.0001 0.0000 0.0000 0.0000 0.0000 0.0000 0.0000 0.0000 0.0000 0.0000 0.0000 0.0000 0.0000 0.0000 0.0000 0.0000 0.0000 0.0002 0.0001 0.0004 0.0012 0.0017 0.0014 0.0002 0.0001 0.0007 0.0012 0.0035 0.0019 0.0025 0.0024 0.0027 0.0024
0.0056 0.0004 0.0009 0.0035 0.0001 0.0001 0.0024 0.0001 0.0000 0.0001 0.0003 0.0014 0.0005 0.0067 0.0436 0.0845 0.0016 0.0347 0.0351 0.8218 0.9239 0.9898 0.8172 0.0011 0.0007 0.0000 0.0000 0.0000 0.0000 0.0000 0.0000 0.0000 0.0000 0.0000 0.0000 0.0000 0.0000 0.0000 0.0000 0.0000 0.0000 0.0000 0.0000 0.0094 0.0016 0.0000 0.0000 0.0002 0.0000 0.0000 0.0000 0.0000 0.0000 0.0000 0.0000 0.0000 0.0000 0.0000 0.0000 0.0000 0.0000 0.0000 0.0000 0.0000 0.0000 0.0001 0.0001 0.0014 0.0004 0.0011 0.0001 0.0000 0.0003 0.0002 0.0024 0.0005 0.0039 0.0010 0.0032 0.0017
0.0042 0.0001 0.0004 0.0174 0.0001 0.0000 0.0032 0.0013 0.0000 0.0001 0.0107 0.0206 0.0002 0.0062 0.6473 0.1082 0.0007 0.0245 0.0218 0.8164 0.9577 0.9383 0.9817 0.0184 0.0073 0.0001 0.0000 0.0000 0.0000 0.0000 0.0000 0.0000 0.0000 0.0000 0.0001 0.0000 0.0000 0.0000 0.0000 0.0000 0.0000 0.0000 0.0000 0.0000 0.9977 0.0001 0.0037 0.8701 0.0004 0.0000 0.0000 0.0000 0.0000 0.0000 0.0000 0.0000 0.0000 0.0000 0.0000 0.0000 0.0000 0.0000 0.0000 0.0000 0.0000 0.0006 0.0001 0.0051 0.0002 0.0007 0.0001 0.0000 0.0002 0.0001 0.0039 0.0002 0.0049 0.0001 0.0002 0.0002
0.0037 0.0001 0.0002 0.0004 0.0000 0.0000 0.0001 0.0000 0.0000 0.0000 0.0000 0.0000 0.0000 0.0006 0.0048 0.0049 0.0008 0.0579 0.0996 0.5880 0.4667 0.0167 0.0036 0.0000 0.0000 0.0000 0.0000 0.0000 0.0000 0.0000 0.0000 0.0000 0.0000 0.0000 0.0000 0.0000 0.0000 0.0000 0.0000 0.0000 0.0000 0.0000 0.0000 0.0000 0.0000 0.0006 0.0002 0.0003 0.0000 0.0000 0.0000 0.0000 0.0000 0.0000 0.0000 0.0000 0.0000 0.0000 0.0000 0.0000 0.0000 0.0000 0.0000 0.0000 0.0000 0.0000 0.0000 0.0005 0.0001 0.0009 0.0001 0.0000 0.0002 0.0000 0.0005 0.0001 0.0010 0.0001 0.0002 0.0002
0.0058 0.0003 0.0023 0.0029 0.0001 0.0002 0.0107 0.0001 0.0000 0.0004 0.0011 0.0029 0.0007 0.0031 0.0047 0.0106 0.0013 0.0079 0.0070 0.0667 0.1227 0.0084 0.0038 0.0001 0.0004 0.0000 0.0000 0.0000 0.0000 0.0000 0.0000 0.0000 0.0000 0.0000 0.0000 0.0000 0.0011 0.0000 0.0000 0.0000 0.0000 0.0000 0.0000 0.0000 0.0000 0.0000 0.0006 0.0002 0.0000 0.0002 0.0000 0.0000 0.0000 0.0000 0.0000 0.0000 0.0000 0.0000 0.0000 0.0000 0.0000 0.0000 0.0000 0.0000 0.0001 0.0002 0.0002 0.0029 0.0004 0.0017 0.0005 0.0003 0.0015 0.0002 0.0045 0.0004 0.0035 0.0002 0.0012 0.0004
0.0001 0.0000 0.0000 0.0000 0.0000 0.0000 0.0000 0.0000 0.0000 0.0000 0.0000 0.0000 0.0000 0.0000 0.0000 0.0001 0.0000 0.0064 0.0007 0.0010 0.0001 0.0000 0.0000 0.0000 0.0000 0.0000 0.0000 0.0000 0.0000 0.0000 0.0000 0.0000 0.0000 0.0000 0.0000 0.0000 0.0000 0.0000 0.0000 0.0000 0.0000 0.0000 0.0000 0.0000 0.0000 0.0000 0.0000 0.0002 0.0000 0.0000 0.0000 0.0000 0.0000 0.0000 0.0000 0.0000 0.0000 0.0000 0.0000 0.0000 0.0000 0.0000 0.0000 0.0000 0.0000 0.0000 0.0000 0.0000 0.0000 0.0001 0.0000 0.0000 0.0000 0.0000 0.0000 0.0000 0.0000 0.0000 0.0000 0.0001
0.0021 0.0001 0.0001 0.0007 0.0000 0.0000 0.0013 0.0001 0.0000 0.0002 0.0044 0.0005 0.0000 0.0166 0.1756 0.0092 0.0015 0.4020 0.1102 0.4339 0.1739 0.1074 0.0281 0.0008 0.0001 0.0000 0.0000 0.0000 0.0000 0.0000 0.0000 0.0000 0.0000 0.0000 0.0005 0.0001 0.0237 0.0002 0.0094 0.0000 0.0000 0.0000 0.0000 0.0000 0.0000 0.0000 0.0000 0.0000 0.0000 0.0000 0.0000 0.0000 0.0000 0.0000 0.0000 0.0000 0.0000 0.0000 0.0000 0.0000 0.0000 0.0000 0.0000 0.0000 0.0000 0.0002 0.0001 0.0005 0.0001 0.0007 0.0001 0.0000 0.0003 0.0000 0.0012 0.0001 0.0025 0.0003 0.0013 0.0029
0.0007 0.0000 0.0001 0.0112 0.0003 0.0000 0.0081 0.0086 0.0002 0.0003 0.0803 0.0393 0.0001 0.0007 0.2183 0.0133 0.0001 0.0105 0.0065 0.1674 0.1284 0.8819 0.3006 0.2867 0.0017 0.0005 0.0000 0.0000 0.0000 0.0000 0.0000 0.0000 0.0000 0.0000 0.0005 0.0000 0.8187 0.0010 0.0016 0.9977 0.0000 0.0000 0.0000 0.0000 0.0000 0.0000 0.0000 0.0000 0.0000 0.0000 0.0000 0.0000 0.0000 0.0000 0.0000 0.0000 0.0000 0.0000 0.0000 0.0000 0.0000 0.0000 0.0000 0.0014 0.0001 0.0401 0.0004 0.0332 0.0002 0.0008 0.0001 0.0002 0.0024 0.0001 0.0159 0.0002 0.0096 0.0002 0.0007 0.0007
0.0004 0.0000 0.0006 0.0012 0.0000 0.0002 0.0075 0.0006 0.0007 0.0007 0.0027 0.0076 0.0003 0.0012 0.0020 0.0041 0.0002 0.0036 0.0015 0.0046 0.0032 0.0028 0.0002 0.0005 0.0001 0.0000 0.0000 0.0000 0.0000 0.0000 0.0000 0.0000 0.0000 0.0000 0.0000 0.0000 0.0005 0.0000 0.0000 0.0001 0.0006 0.0000 0.0000 0.0000 0.0000 0.0000 0.0000 0.0000 0.0000 0.0000 0.0001 0.0000 0.0000 0.0000 0.0000 0.0000 0.0000 0.0000 0.0000 0.0000 0.0000 0.0000 0.0000 0.0002 0.0001 0.0020 0.0005 0.0008 0.0001 0.0004 0.0001 0.0000 0.0005 0.0000 0.0012 0.0001 0.0015 0.0004 0.0017 0.0017
0.0001 0.0000 0.0000 0.0000 0.0000 0.0000 0.0002 0.0000 0.0000 0.0003 0.0034 0.0005 0.0001 0.0143 0.0212 0.0014 0.0017 0.1161 0.0222 0.0654 0.0162 0.0095 0.0002 0.0002 0.0000 0.0000 0.0000 0.0000 0.0000 0.0000 0.0000 0.0000 0.0000 0.0000 0.0003 0.0000 0.0005 0.0000 0.0000 0.0037 0.0002 0.0006 0.0000 0.0000 0.0000 0.0000 0.0000 0.0000 0.0000 0.0000 0.0000 0.0000 0.0000 0.0000 0.0000 0.0000 0.0000 0.0000 0.0000 0.0000 0.0000 0.0000 0.0000 0.0000 0.0000 0.0001 0.0000 0.0000 0.0000 0.0000 0.0000 0.0000 0.0000 0.0000 0.0008 0.0001 0.0024 0.0017 0.0136 0.0093
0.0003 0.0000 0.0001 0.0041 0.0002 0.0000 0.0261 0.0596 0.0002 0.0066 0.5963 0.0727 0.0002 0.2473 0.6882 0.0081 0.0029 0.2082 0.0271 0.2470 0.0687 0.7527 0.0536 0.6418 0.0002 0.0067 0.0000 0.0001 0.0000 0.0000 0.0000 0.0000 0.0001 0.0000 0.3697 0.0007 0.6915 0.0001 0.0002 0.8701 0.0003 0.0002 0.0002 0.0000 0.0000 0.0000 0.0000 0.0000 0.0000 0.0000 0.0000 0.0000 0.0001 0.0000 0.0000 0.0001 0.0000 0.0000 0.0000 0.0000 0.0000 0.0000 0.0000 0.0023 0.0000 0.0551 0.0003 0.0269 0.0001 0.0002 0.0000 0.0000 0.0017 0.0001 0.0382 0.0002 0.0426 0.0015 0.0065 0.0037
0.0002 0.0000 0.0005 0.0243 0.0001 0.0000 0.0257 0.0539 0.0006 0.0013 0.2273 0.0396 0.0002 0.0071 0.0435 0.0016 0.0000 0.0010 0.0005 0.0021 0.0008 0.0569 0.0055 0.4938 0.0007 0.0714 0.0000 0.0012 0.0000 0.0000 0.0000 0.0000 0.0001 0.0000 0.0890 0.0002 0.1272 0.0000 0.0000 0.0004 0.0000 0.0000 0.0000 0.0000 0.0000 0.0000 0.0000 0.0000 0.0000 0.0000 0.0000 0.0000 0.0000 0.0001 0.0000 0.0001 0.0000 0.0000 0.0000 0.0000 0.0000 0.0001 0.0001 0.1764 0.0058 0.8044 0.0179 0.1023 0.0005 0.0003 0.0000 0.0000 0.0015 0.0002 0.0405 0.0005 0.0379 0.0020 0.0091 0.0044
0.0001 0.0000 0.0001 0.0001 0.0000 0.0000 0.0025 0.0002 0.0000 0.0003 0.0014 0.0007 0.0000 0.0035 0.0004 0.0008 0.0001 0.0033 0.0004 0.0010 0.0002 0.0001 0.0000 0.0001 0.0000 0.0000 0.0000 0.0000 0.0000 0.0000 0.0000 0.0000 0.0000 0.0000 0.0001 0.0000 0.0000 0.0000 0.0000 0.0000 0.0000 0.0002 0.0000 0.0000 0.0000 0.0000 0.0000 0.0000 0.0000 0.0000 0.0000 0.0000 0.0000 0.0000 0.0002 0.0000 0.0000 0.0000 0.0000 0.0000 0.0000 0.0000 0.0000 0.0024 0.0005 0.0219 0.0005 0.0004 0.0000 0.0000 0.0000 0.0000 0.0000 0.0000 0.0004 0.0001 0.0018 0.0018 0.0089 0.0192
0.0018 0.0001 0.0029 0.0083 0.0001 0.0003 0.0937 0.0066 0.0001 0.0529 0.4732 0.0045 0.0015 0.5135 0.0957 0.0024 0.0030 0.0623 0.0066 0.0081 0.0069 0.0087 0.0012 0.0102 0.0001 0.0016 0.0000 0.0004 0.0000 0.0000 0.0000 0.0000 0.0055 0.0007 0.0240 0.0000 0.0006 0.0000 0.0000 0.0000 0.0000 0.0000 0.0000 0.0000 0.0000 0.0001 0.0000 0.0000 0.0000 0.0000 0.0000 0.0000 0.0000 0.0000 0.0000 0.0001 0.0000 0.0000 0.0000 0.0000 0.0000 0.0001 0.0000 0.0002 0.0000 0.0003 0.0000 0.0000 0.0000 0.0000 0.0000 0.0000 0.0000 0.0000 0.0034 0.0004 0.0300 0.0102 0.0863 0.0222
0.0012 0.0000 0.0026 0.3754 0.0009 0.0001 0.5351 0.4598 0.0004 0.0413 0.8905 0.0295 0.0001 0.1205 0.0502 0.0003 0.0000 0.0011 0.0001 0.0004 0.0002 0.0089 0.0070 0.5377 0.0012 0.5242 0.0004 0.0613 0.0001 0.0000 0.0000 0.0002 0.0184 0.0011 0.3955 0.0001 0.0080 0.0000 0.0000 0.0000 0.0000 0.0000 0.0000 0.0000 0.0000 0.0000 0.0000 0.0000 0.0000 0.0000 0.0000 0.0000 0.0000 0.0000 0.0000 0.0000 0.0002 0.0000 0.0000 0.0000 0.0003 0.0028 0.0006 0.7850 0.0019 0.6630 0.0008 0.0096 0.0000 0.0000 0.0000 0.0000 0.0001 0.0000 0.0164 0.0004 0.1435 0.0037 0.0167 0.0037
0.0004 0.0000 0.0005 0.0103 0.0001 0.0001 0.0123 0.0054 0.0002 0.0012 0.0134 0.0009 0.0000 0.0021 0.0002 0.0001 0.0000 0.0001 0.0000 0.0000 0.0001 0.0001 0.0002 0.0011 0.0002 0.0164 0.0003 0.0125 0.0006 0.0001 0.0003 0.0003 0.0072 0.0003 0.0050 0.0000 0.0001 0.0000 0.0000 0.0000 0.0000 0.0000 0.0000 0.0000 0.0000 0.0000 0.0000 0.0001 0.0000 0.0000 0.0000 0.0000 0.0000 0.0000 0.0000 0.0000 0.0000 0.0004 0.0003 0.0002 0.0176 0.1573 0.1164 0.9208 0.1501 0.5348 0.0028 0.0026 0.0000 0.0000 0.0000 0.0000 0.0001 0.0000 0.0048 0.0011 0.0337 0.0044 0.0355 0.0070
0.0001 0.0000 0.0001 0.0001 0.0000 0.0000 0.0061 0.0000 0.0000 0.0012 0.0013 0.0001 0.0000 0.0054 0.0000 0.0000 0.0000 0.0001 0.0000 0.0000 0.0000 0.0000 0.0000 0.0000 0.0000 0.0000 0.0000 0.0000 0.0000 0.0000 0.0000 0.0000 0.0003 0.0000 0.0001 0.0000 0.0000 0.0000 0.0000 0.0000 0.0000 0.0000 0.0000 0.0000 0.0000 0.0000 0.0000 0.0000 0.0001 0.0000 0.0000 0.0000 0.0000 0.0000 0.0000 0.0000 0.0000 0.0000 0.0020 0.0001 0.0001 0.0004 0.0000 0.0012 0.0000 0.0001 0.0000 0.0000 0.0000 0.0000 0.0000 0.0000 0.0000 0.0000 0.0001 0.0001 0.0028 0.0048 0.0185 0.0072
0.0157 0.0004 0.0570 0.1712 0.0002 0.0036 0.7765 0.0251 0.0006 0.2300 0.5716 0.0012 0.0006 0.1695 0.0009 0.0001 0.0000 0.0004 0.0001 0.0004 0.0005 0.0003 0.0005 0.0003 0.0002 0.0013 0.0002 0.0178 0.0071 0.0010 0.0023 0.0040 0.1009 0.0052 0.0075 0.0000 0.0000 0.0000 0.0000 0.0000 0.0000 0.0000 0.0000 0.0000 0.0000 0.0000 0.0000 0.0000 0.0000 0.0002 0.0000 0.0000 0.0000 0.0000 0.0000 0.0000 0.0000 0.0000 0.0000 0.0320 0.1405 0.0063 0.0012 0.0166 0.0000 0.0002 0.0000 0.0000 0.0000 0.0000 0.0000 0.0000 0.0000 0.0000 0.0012 0.0006 0.0442 0.0299 0.1495 0.0094
0.0189 0.0004 0.0182 0.8016 0.0033 0.0004 0.6267 0.1373 0.0001 0.0085 0.0912 0.0003 0.0000 0.0002 0.0000 0.0000 0.0000 0.0000 0.0000 0.0000 0.0001 0.0008 0.0019 0.0052 0.0003 0.0440 0.0042 0.2693 0.0169 0.0032 0.0027 0.0086 0.0728 0.0029 0.0365 0.0001 0.0001 0.0000 0.0000 0.0000 0.0000 0.0000 0.0000 0.0000 0.0000 0.0000 0.0000 0.0001 0.0001 0.0000 0.0001 0.0000 0.0000 0.0000 0.0000 0.0000 0.0000 0.0000 0.0000 0.0000 0.9649 0.6623 0.1422 0.9715 0.0033 0.0400 0.0001 0.0002 0.0000 0.0000 0.0000 0.0000 0.0000 0.0000 0.0051 0.0028 0.4355 0.0562 0.0844 0.0070
0.0010 0.0001 0.0003 0.0019 0.0000 0.0000 0.0015 0.0001 0.0000 0.0001 0.0001 0.0000 0.0000 0.0000 0.0000 0.0000 0.0000 0.0000 0.0000 0.0000 0.0000 0.0000 0.0001 0.0001 0.0001 0.0001 0.0003 0.0028 0.0038 0.0016 0.0012 0.0027 0.0065 0.0002 0.0002 0.0000 0.0000 0.0000 0.0000 0.0000 0.0000 0.0000 0.0000 0.0000 0.0000 0.0000 0.0000 0.0000 0.0000 0.0000 0.0000 0.0002 0.0000 0.0000 0.0000 0.0000 0.0000 0.0000 0.0000 0.0000 0.0000 0.3711 0.0812 0.3192 0.0005 0.0009 0.0000 0.0000 0.0000 0.0000 0.0000 0.0000 0.0000 0.0000 0.0002 0.0034 0.0080 0.0102 0.0576 0.0227
0.0077 0.0004 0.0056 0.0063 0.0000 0.0001 0.0265 0.0001 0.0000 0.0005 0.0000 0.0000 0.0000 0.0000 0.0000 0.0000 0.0000 0.0000 0.0000 0.0000 0.0000 0.0000 0.0000 0.0000 0.0000 0.0000 0.0000 0.0002 0.0004 0.0003 0.0002 0.0003 0.0025 0.0001 0.0001 0.0000 0.0000 0.0000 0.0000 0.0000 0.0000 0.0000 0.0000 0.0000 0.0000 0.0000 0.0000 0.0000 0.0000 0.0000 0.0000 0.0000 0.0004 0.0000 0.0000 0.0000 0.0000 0.0000 0.0000 0.0000 0.0000 0.0000 0.0009 0.0003 0.0000 0.0000 0.0000 0.0000 0.0000 0.0000 0.0000 0.0000 0.0000 0.0000 0.0000 0.0003 0.0012 0.0064 0.0410 0.0085
0.1745 0.0062 0.2819 0.6313 0.0013 0.0062 0.5500 0.0012 0.0001 0.0061 0.0004 0.0000 0.0000 0.0000 0.0000 0.0000 0.0000 0.0000 0.0000 0.0000 0.0001 0.0001 0.0001 0.0001 0.0001 0.0001 0.0006 0.0014 0.0030 0.0009 0.0006 0.0007 0.0009 0.0000 0.0000 0.0000 0.0000 0.0000 0.0000 0.0000 0.0000 0.0000 0.0000 0.0000 0.0000 0.0000 0.0000 0.0000 0.0000 0.0000 0.0000 0.0000 0.0003 0.0020 0.0000 0.0000 0.0000 0.0000 0.0000 0.0000 0.0000 0.0000 0.0000 0.0067 0.0000 0.0000 0.0000 0.0000 0.0000 0.0000 0.0000 0.0000 0.0000 0.0000 0.0000 0.0016 0.0023 0.0254 0.0326 0.0353
0.0959 0.0050 0.0624 0.2540 0.0017 0.0011 0.0308 0.0001 0.0000 0.0001 0.0000 0.0000 0.0000 0.0000 0.0000 0.0000 0.0000 0.0000 0.0000 0.0000 0.0001 0.0002 0.0002 0.0002 0.0002 0.0002 0.0004 0.0012 0.0013 0.0007 0.0002 0.0001 0.0001 0.0000 0.0000 0.0000 0.0000 0.0000 0.0000 0.0000 0.0000 0.0000 0.0000 0.0000 0.0000 0.0000 0.0000 0.0000 0.0000 0.0000 0.0000 0.0000 0.0002 0.0001 0.0320 0.0000 0.0000 0.0000 0.0000 0.0000 0.0000 0.0000 0.0000 0.0000 0.0001 0.0000 0.0000 0.0000 0.0000 0.0000 0.0000 0.0000 0.0000 0.0000 0.0000 0.0023 0.0014 0.0332 0.0447 0.0527
0.0449 0.0039 0.0313 0.2997 0.0099 0.0039 0.0933 0.0009 0.0001 0.0003 0.0002 0.0000 0.0000 0.0000 0.0000 0.0000 0.0000 0.0000 0.0000 0.0001 0.0004 0.0014 0.0011 0.0023 0.0039 0.0028 0.0018 0.0015 0.0005 0.0002 0.0000 0.0000 0.0000 0.0000 0.0000 0.0000 0.0000 0.0000 0.0000 0.0000 0.0000 0.0000 0.0000 0.0000 0.0000 0.0000 0.0000 0.0000 0.0000 0.0000 0.0000 0.0003 0.0176 0.0001 0.1405 0.9649 0.0000 0.0000 0.0000 0.0000 0.0000 0.0000 0.0000 0.0000 0.0000 0.0000 0.0000 0.0000 0.0000 0.0000 0.0000 0.0000 0.0000 0.0000 0.0000 0.0021 0.0014 0.2231 0.1599 0.1069
0.1084 0.0063 0.0250 0.2130 0.0047 0.0013 0.0161 0.0004 0.0001 0.0002 0.0002 0.0000 0.0000 0.0000 0.0000 0.0000 0.0000 0.0000 0.0000 0.0007 0.0019 0.0083 0.0052 0.0117 0.0054 0.0035 0.0016 0.0040 0.0012 0.0010 0.0002 0.0002 0.0004 0.0000 0.0002 0.0001 0.0000 0.0000 0.0000 0.0000 0.0000 0.0000 0.0000 0.0000 0.0000 0.0000 0.0000 0.0000 0.0001 0.0000 0.0001 0.0028 0.1573 0.0004 0.0063 0.6623 0.3711 0.0000 0.0000 0.0000 0.0000 0.0000 0.0000 0.0000 0.0000 0.0000 0.0000 0.0000 0.0000 0.0000 0.0000 0.0000 0.0000 0.0000 0.0000 0.0038 0.0126 0.7299 0.5725 0.4629
0.0272 0.0016 0.0101 0.3738 0.0061 0.0007 0.0283 0.0020 0.0001 0.0001 0.0003 0.0000 0.0000 0.0000 0.0000 0.0000 0.0000 0.0001 0.0000 0.0003 0.0004 0.0007 0.0006 0.0089 0.0158 0.0076 0.0139 0.0031 0.0022 0.0005 0.0001 0.0002 0.0001 0.0000 0.0000 0.0002 0.0000 0.0000 0.0000 0.0000 0.0000 0.0000 0.0000 0.0000 0.0000 0.0000 0.0000 0.0000 0.0001 0.0000 0.0000 0.0006 0.1164 0.0000 0.0012 0.1422 0.0812 0.0009 0.0000 0.0000 0.0000 0.0000 0.0000 0.0000 0.0000 0.0000 0.0000 0.0000 0.0000 0.0000 0.0000 0.0000 0.0000 0.0005 0.0001 0.9452 0.9133 0.9459 0.5572 0.2699
0.0176 0.0007 0.0025 0.6790 0.2525 0.0015 0.1215 0.3340 0.0008 0.0008 0.0434 0.0023 0.0000 0.0001 0.0001 0.0000 0.0000 0.0000 0.0000 0.0003 0.0005 0.0125 0.0045 0.0832 0.0053 0.0204 0.0023 0.0080 0.0002 0.0002 0.0000 0.0001 0.0004 0.0001 0.0057 0.0001 0.0002 0.0000 0.0000 0.0000 0.0000 0.0000 0.0000 0.0000 0.0014 0.0002 0.0000 0.0023 0.1764 0.0024 0.0002 0.7850 0.9208 0.0012 0.0166 0.9715 0.3192 0.0003 0.0067 0.0000 0.0000 0.0000 0.0000 0.0000 0.0000 0.0000 0.0000 0.0000 0.0000 0.0000 0.0000 0.0000 0.0000 0.0002 0.0315 0.9428 0.9889 0.5012 0.2618 0.1003
0.0014 0.0003 0.0003 0.0020 0.0015 0.0001 0.0028 0.0042 0.0002 0.0000 0.0003 0.0002 0.0000 0.0001 0.0000 0.0002 0.0000 0.0003 0.0002 0.0028 0.0086 0.0024 0.0032 0.0040 0.0100 0.0050 0.0171 0.0046 0.0061 0.0038 0.0005 0.0024 0.0008 0.0014 0.0003 0.0004 0.0001 0.0002 0.0000 0.0000 0.0000 0.0001 0.0000 0.0000 0.0001 0.0001 0.0000 0.0000 0.0058 0.0005 0.0000 0.0019 0.1501 0.0000 0.0000 0.0033 0.0005 0.0000 0.0000 0.0001 0.0000 0.0000 0.0000 0.0000 0.0000 0.0000 0.0000 0.0000 0.0000 0.0001 0.0001 0.0001 0.0003 0.9848 0.9733 0.9863 0.7174 0.0140 0.0024 0.0092
0.0003 0.0000 0.0000 0.0027 0.0086 0.0001 0.0063 0.3731 0.0042 0.0009 0.2253 0.0468 0.0001 0.0003 0.0047 0.0001 0.0000 0.0000 0.0000 0.0002 0.0003 0.0100 0.0021 0.0474 0.0017 0.0099 0.0052 0.0039 0.0002 0.0004 0.0000 0.0001 0.0007 0.0001 0.0081 0.0004 0.0044 0.0001 0.0001 0.0006 0.0000 0.0002 0.0000 0.0002 0.0401 0.0020 0.0001 0.0551 0.8044 0.0219 0.0003 0.6630 0.5348 0.0001 0.0002 0.0400 0.0009 0.0000 0.0000 0.0000 0.0000 0.0000 0.0000 0.0000 0.0000 0.0000 0.0000 0.0000 0.0000 0.0000 0.0001 0.0005 0.0069 0.9752 0.9944 0.5182 0.7867 0.0024 0.0004 0.0009
0.0001 0.0000 0.0000 0.0000 0.0000 0.0000 0.0004 0.0005 0.0003 0.0000 0.0003 0.0014 0.0001 0.0002 0.0019 0.0049 0.0000 0.0012 0.0012 0.0014 0.0047 0.0004 0.0021 0.0003 0.0015 0.0003 0.0048 0.0011 0.0052 0.0013 0.0002 0.0005 0.0007 0.0003 0.0004 0.0004 0.0005 0.0004 0.0001 0.0001 0.0000 0.0002 0.0000 0.0001 0.0004 0.0005 0.0000 0.0003 0.0179 0.0005 0.0000 0.0008 0.0028 0.0000 0.0000 0.0001 0.0000 0.0000 0.0000 0.0000 0.0000 0.0000 0.0000 0.0000 0.0000 0.0000 0.0000 0.0000 0.0000 0.0000 0.0000 0.6756 0.8831 0.9889 0.4577 0.0025 0.0014 0.0001 0.0000 0.0001
0.0001 0.0000 0.0000 0.0004 0.0002 0.0000 0.0004 0.0136 0.0007 0.0001 0.0494 0.1046 0.0003 0.0006 0.1182 0.0066 0.0000 0.0005 0.0004 0.0014 0.0004 0.0119 0.0035 0.0169 0.0006 0.0085 0.0036 0.0074 0.0021 0.0010 0.0001 0.0003 0.0027 0.0005 0.0175 0.0008 0.0173 0.0012 0.0014 0.0051 0.0005 0.0029 0.0000 0.0005 0.0332 0.0008 0.0000 0.0269 0.1023 0.0004 0.0000 0.0096 0.0026 0.0000 0.0000 0.0002 0.0000 0.0000 0.0000 0.0000 0.0000 0.0000 0.0000 0.0000 0.0000 0.0000 0.0000 0.0000 0.0000 0.0000 0.0000 0.0000 0.9389 0.6885 0.7893 0.0008 0.0010 0.0000 0.0000 0.0000
0.0001 0.0000 0.0000 0.0000 0.0000 0.0000 0.0001 0.0000 0.0000 0.0000 0.0002 0.0011 0.0001 0.0003 0.0044 0.0071 0.0002 0.0055 0.0054 0.0034 0.0019 0.0005 0.0037 0.0013 0.0057 0.0004 0.0232 0.0031 0.0120 0.0020 0.0014 0.0010 0.0036 0.0006 0.0012 0.0010 0.0007 0.0017 0.0004 0.0002 0.0001 0.0004 0.0000 0.0001 0.0002 0.0001 0.0000 0.0001 0.0005 0.0000 0.0000 0.0000 0.0000 0.0000 0.0000 0.0000 0.0000 0.0000 0.0000 0.0000 0.0000 0.0000 0.0000 0.0000 0.0000 0.0000 0.0000 0.0000 0.0000 0.0000 0.0000 0.0000 0.0000 0.0244 0.0175 0.0002 0.0000 0.0000 0.0000 0.0000
0.0002 0.0000 0.0000 0.0000 0.0000 0.0000 0.0001 0.0000 0.0000 0.0000 0.0002 0.0019 0.0003 0.0004 0.0048 0.0169 0.0005 0.0053 0.0049 0.0060 0.0014 0.0022 0.0022 0.0027 0.0015 0.0006 0.0017 0.0014 0.0053 0.0017 0.0007 0.0009 0.0037 0.0005 0.0009 0.0005 0.0005 0.0014 0.0011 0.0007 0.0009 0.0017 0.0001 0.0007 0.0008 0.0004 0.0000 0.0002 0.0003 0.0000 0.0000 0.0000 0.0000 0.0000 0.0000 0.0000 0.0000 0.0000 0.0000 0.0000 0.0000 0.0000 0.0000 0.0000 0.0001 0.0000 0.0000 0.0000 0.0000 0.0000 0.0000 0.0000 0.0000 0.0000 0.0089 0.0001 0.0000 0.0000 0.0000 0.0000
0.0001 0.0000 0.0000 0.0000 0.0000 0.0000 0.0000 0.0000 0.0000 0.0000 0.0000 0.0001 0.0000 0.0000 0.0004 0.0022 0.0001 0.0006 0.0009 0.0011 0.0006 0.0004 0.0006 0.0002 0.0005 0.0001 0.0005 0.0002 0.0017 0.0003 0.0001 0.0001 0.0002 0.0000 0.0000 0.0001 0.0000 0.0002 0.0001 0.0001 0.0001 0.0005 0.0000 0.0001 0.0001 0.0001 0.0000 0.0000 0.0000 0.0000 0.0000 0.0000 0.0000 0.0000 0.0000 0.0000 0.0000 0.0000 0.0000 0.0000 0.0000 0.0000 0.0000 0.0000 0.0001 0.0001 0.0000 0.0000 0.0000 0.0000 0.0000 0.0000 0.0000 0.0000 0.0000 0.0002 0.0000 0.0000 0.0000 0.0000
0.0000 0.0000 0.0000 0.0000 0.0000 0.0000 0.0000 0.0000 0.0000 0.0000 0.0000 0.0001 0.0000 0.0000 0.0002 0.0013 0.0000 0.0002 0.0006 0.0014 0.0008 0.0015 0.0043 0.0028 0.0030 0.0008 0.0024 0.0003 0.0019 0.0004 0.0001 0.0001 0.0003 0.0000 0.0000 0.0002 0.0000 0.0001 0.0000 0.0000 0.0000 0.0003 0.0000 0.0000 0.0002 0.0000 0.0000 0.0000 0.0000 0.0000 0.0000 0.0000 0.0000 0.0000 0.0000 0.0000 0.0000 0.0000 0.0000 0.0000 0.0000 0.0000 0.0000 0.0000 0.0001 0.0005 0.6756 0.0000 0.0000 0.0000 0.0000 0.0000 0.0000 0.0000 0.0000 0.0000 0.0000 0.0000 0.0000 0.0000
0.0002 0.0000 0.0000 0.0001 0.0000 0.0000 0.0000 0.0000 0.0001 0.0000 0.0003 0.0018 0.0001 0.0001 0.0038 0.0121 0.0002 0.0019 0.0036 0.0099 0.0020 0.0043 0.0035 0.0109 0.0022 0.0033 0.0044 0.0041 0.0195 0.0047 0.0007 0.0029 0.0147 0.0008 0.0016 0.0010 0.0001 0.0007 0.0003 0.0002 0.0002 0.0015 0.0000 0.0003 0.0024 0.0005 0.0000 0.0017 0.0015 0.0000 0.0000 0.0001 0.0001 0.0000 0.0000 0.0000 0.0000 0.0000 0.0000 0.0000 0.0000 0.0000 0.0000 0.0000 0.0003 0.0069 0.8831 0.9389 0.0000 0.0000 0.0000 0.0000 0.0000 0.0000 0.0000 0.0000 0.0000 0.0000 0.0000 0.0000
0.0000 0.0000 0.0000 0.0000 0.0000 0.0000 0.0000 0.0000 0.0000 0.0000 0.0000 0.0001 0.0000 0.0000 0.0002 0.0023 0.0000 0.0002 0.0004 0.0009 0.0010 0.0012 0.0016 0.0059 0.0161 0.0058 0.0242 0.0071 0.0548 0.0140 0.0013 0.0020 0.0051 0.0007 0.0002 0.0011 0.0000 0.0012 0.0002 0.0001 0.0000 0.0002 0.0000 0.0000 0.0001 0.0000 0.0000 0.0001 0.0002 0.0000 0.0000 0.0000 0.0000 0.0000 0.0000 0.0000 0.0000 0.0000 0.0000 0.0000 0.0000 0.0000 0.0005 0.0002 0.9848 0.9752 0.9889 0.6885 0.0244 0.0000 0.0000 0.0000 0.0000 0.0000 0.0000 0.0000 0.0000 0.0000 0.0000 0.0004
0.0005 0.0001 0.0001 0.0030 0.0003 0.0001 0.0015 0.0032 0.0008 0.0007 0.0079 0.0315 0.0007 0.0023 0.0266 0.0291 0.0003 0.0032 0.0019 0.0070 0.0044 0.0705 0.0073 0.0805 0.0035 0.0565 0.0093 0.0271 0.0101 0.0069 0.0007 0.0027 0.0156 0.0016 0.0215 0.0022 0.0064 0.0035 0.0024 0.0039 0.0005 0.0045 0.0000 0.0012 0.0159 0.0012 0.0008 0.0382 0.0405 0.0004 0.0034 0.0164 0.0048 0.0001 0.0012 0.0051 0.0002 0.0000 0.0000 0.0000 0.0000 0.0000 0.0001 0.0315 0.9733 0.9944 0.4577 0.7893 0.0175 0.0089 0.0000 0.0000 0.0000 0.0000 0.0000 0.0000 0.0000 0.0000 0.0000 0.0021
0.0001 0.0000 0.0000 0.0000 0.0000 0.0000 0.0001 0.0000 0.0000 0.0000 0.0001 0.0003 0.0001 0.0004 0.0005 0.0031 0.0001 0.0004 0.0004 0.0006 0.0034 0.0007 0.0044 0.0005 0.0060 0.0012 0.0122 0.0056 0.0218 0.0165 0.0030 0.0056 0.0103 0.0041 0.0007 0.0016 0.0005 0.0019 0.0005 0.0002 0.0001 0.0004 0.0000 0.0001 0.0002 0.0001 0.0001 0.0002 0.0005 0.0001 0.0004 0.0004 0.0011 0.0001 0.0006 0.0028 0.0034 0.0003 0.0016 0.0023 0.0021 0.0038 0.9452 0.9428 0.9863 0.5182 0.0025 0.0008 0.0002 0.0001 0.0002 0.0000 0.0000 0.0000 0.0000 0.0000 0.0000 0.0000 0.0000 0.0000
0.0003 0.0001 0.0002 0.0053 0.0006 0.0001 0.0039 0.0036 0.0008 0.0009 0.0080 0.0105 0.0002 0.0010 0.0083 0.0057 0.0000 0.0008 0.0007 0.0019 0.0014 0.0221 0.0085 0.0174 0.0051 0.0311 0.0090 0.0204 0.0040 0.0027 0.0007 0.0013 0.0057 0.0008 0.0111 0.0015 0.0128 0.0025 0.0039 0.0049 0.0010 0.0035 0.0000 0.0025 0.0096 0.0015 0.0024 0.0426 0.0379 0.0018 0.0300 0.1435 0.0337 0.0028 0.0442 0.4355 0.0080 0.0012 0.0023 0.0014 0.0014 0.0126 0.9133 0.9889 0.7174 0.7867 0.0014 0.0010 0.0000 0.0000 0.0000 0.0000 0.0000 0.0000 0.0000 0.0000 0.0000 0.0000 0.0000 0.0000
0.0001 0.0000 0.0001 0.0002 0.0001 0.0000 0.0009 0.0001 0.0002 0.0003 0.0002 0.0004 0.0002 0.0005 0.0003 0.0013 0.0001 0.0006 0.0005 0.0006 0.0076 0.0012 0.0135 0.0011 0.0660 0.0007 0.0196 0.0023 0.0057 0.0020 0.0020 0.0026 0.0083 0.0088 0.0013 0.0144 0.0019 0.0024 0.0010 0.0001 0.0001 0.0002 0.0000 0.0003 0.0002 0.0004 0.0017 0.0015 0.0020 0.0018 0.0102 0.0037 0.0044 0.0048 0.0299 0.0562 0.0102 0.0064 0.0254 0.0332 0.2231 0.7299 0.9459 0.5012 0.0140 0.0024 0.0001 0.0000 0.0000 0.0000 0.0000 0.0000 0.0000 0.0000 0.0000 0.0000 0.0000 0.0000 0.0000 0.0000
0.0001 0.0001 0.0001 0.0002 0.0001 0.0001 0.0012 0.0001 0.0002 0.0003 0.0002 0.0004 0.0002 0.0003 0.0001 0.0007 0.0000 0.0005 0.0002 0.0003 0.0010 0.0005 0.0008 0.0005 0.0026 0.0003 0.0032 0.0011 0.0037 0.0010 0.0006 0.0006 0.0016 0.0005 0.0002 0.0037 0.0007 0.0027 0.0032 0.0002 0.0002 0.0012 0.0000 0.0013 0.0007 0.0017 0.0136 0.0065 0.0091 0.0089 0.0863 0.0167 0.0355 0.0185 0.1495 0.0844 0.0576 0.0410 0.0326 0.0447 0.1599 0.5725 0.5572 0.2618 0.0024 0.0004 0.0000 0.0000 0.0000 0.0000 0.0000 0.0000 0.0000 0.0000 0.0000 0.0000 0.0000 0.0000 0.0000 0.0000
0.0006 0.0002 0.0007 0.0004 0.0001 0.0003 0.0009 0.0001 0.0003 0.0008 0.0004 0.0004 0.0007 0.0006 0.0002 0.0012 0.0002 0.0004 0.0005 0.0005 0.0033 0.0010 0.0050 0.0021 0.0480 0.0016 0.0275 0.0048 0.0093 0.0009 0.0010 0.0014 0.0066 0.0057 0.0005 0.0057 0.0007 0.0024 0.0017 0.0002 0.0002 0.0004 0.0001 0.0029 0.0007 0.0017 0.0093 0.0037 0.0044 0.0192 0.0222 0.0037 0.0070 0.0072 0.0094 0.0070 0.0227 0.0085 0.0353 0.0527 0.1069 0.4629 0.2699 0.1003 0.0092 0.0009 0.0001 0.0000 0.0000 0.0000 0.0000 0.0000 0.0000 0.0004 0.0021 0.0000 0.0000 0.0000 0.0000 0.0000
