0.0000 0.0000 0.0000 0.0000 0.0000 0.0020 0.0001 0.0001 0.0008 0.0005 0.0519 0.0298 0.0796 0.1612 0.1844 0.2164 0.1543 0.0744 0.1332 0.4214 0.0166 0.0168 0.1570 0.0019 0.0006 0.0001 0.0000 0.0000 0.0000 0.0000 0.0000 0.0000 0.0000 0.0001 0.0000 0.0001 0.0001 0.0004 0.0005 0.0011 0.0011 0.0005 0.0003 0.0002 0.0007 0.0002 0.0004 0.0065 0.0016 0.0009 0.0005 0.0014 0.0002 0.0012 0.0003 0.0005 0.0002 0.0009
0.0000 0.0000 0.0000 0.0000 0.0000 0.0000 0.0002 0.0003 0.0010 0.0011 0.9745 0.5170 0.3146 0.4618 0.1728 0.0369 0.0164 0.0040 0.0213 0.4798 0.0319 0.1315 0.6607 0.0024 0.0003 0.0001 0.0000 0.0000 0.0000 0.0000 0.0000 0.0000 0.0000 0.0002 0.0000 0.0003 0.0001 0.0004 0.0002 0.0002 0.0002 0.0001 0.0001 0.0001 0.0005 0.0000 0.0001 0.0006 0.0001 0.0001 0.0000 0.0002 0.0000 0.0002 0.0001 0.0002 0.0001 0.0005
0.0000 0.0000 0.0000 0.0000 0.0000 0.0000 0.0000 0.0021 0.0125 0.0101 0.9878 0.9844 0.3660 0.1111 0.0169 0.0069 0.0050 0.0038 0.1214 0.7965 0.5766 0.9632 0.9917 0.0930 0.0169 0.0001 0.0000 0.0000 0.0000 0.0000 0.0000 0.0000 0.0000 0.0000 0.0000 0.0000 0.0000 0.0001 0.0001 0.0001 0.0001 0.0001 0.0000 0.0000 0.0001 0.0000 0.0002 0.0046 0.0002 0.0001 0.0005 0.0012 0.0000 0.0002 0.0005 0.0001 0.0000 0.0004
0.0000 0.0000 0.0000 0.0000 0.0000 0.0000 0.0000 0.0000 0.9270 0.9893 0.9980 0.6586 0.0013 0.0009 0.0002 0.0000 0.0001 0.0001 0.0010 0.0059 0.0022 0.9551 0.9856 0.8698 0.1020 0.0001 0.0000 0.0000 0.0000 0.0000 0.0000 0.0000 0.0000 0.0000 0.0000 0.0000 0.0000 0.0000 0.0001 0.0001 0.0001 0.0000 0.0000 0.0000 0.0002 0.0000 0.0001 0.0008 0.0001 0.0000 0.0003 0.0006 0.0000 0.0002 0.0006 0.0004 0.0002 0.0014
0.0000 0.0000 0.0000 0.0000 0.0000 0.0000 0.0000 0.0000 0.0000 0.9951 0.8789 0.8662 0.0018 0.0001 0.0000 0.0000 0.0000 0.0000 0.0032 0.0040 0.0026 0.9959 0.2672 0.9608 0.9898 0.0278 0.0405 0.0001 0.0001 0.0000 0.0000 0.0000 0.0000 0.0000 0.0000 0.0000 0.0000 0.0000 0.0002 0.0000 0.0001 0.0001 0.0000 0.0001 0.0001 0.0000 0.0001 0.0011 0.0000 0.0000 0.0007 0.0004 0.0000 0.0002 0.0021 0.0002 0.0001 0.0010
0.0020 0.0000 0.0000 0.0000 0.0000 0.0000 0.0000 0.0000 0.0000 0.0000 0.0473 0.0629 0.0006 0.0001 0.0000 0.0001 0.0000 0.0001 0.0032 0.0103 0.0007 0.0150 0.0006 0.0186 0.5969 0.0078 0.0175 0.0006 0.0016 0.0001 0.0000 0.0002 0.0003 0.0011 0.0000 0.0006 0.0008 0.0008 0.0059 0.0016 0.0041 0.0008 0.0002 0.0003 0.0009 0.0000 0.0006 0.0149 0.0006 0.0002 0.0034 0.0036 0.0000 0.0105 0.0403 0.0024 0.0007 0.0144
0.0001 0.0002 0.0000 0.0000 0.0000 0.0000 0.0000 0.0000 0.0000 0.0000 0.0000 0.0745 0.0016 0.0000 0.0000 0.0000 0.0000 0.0000 0.0003 0.0012 0.0016 0.2318 0.0002 0.0236 0.9465 0.2838 0.6726 0.0071 0.0101 0.0003 0.0001 0.0005 0.0035 0.0012 0.0001 0.0019 0.0035 0.0014 0.0166 0.0010 0.0026 0.0015 0.0002 0.0002 0.0007 0.0000 0.0007 0.0619 0.0003 0.0003 0.0459 0.0369 0.0002 0.0371 0.4752 0.0135 0.0045 0.0889
0.0001 0.0003 0.0021 0.0000 0.0000 0.0000 0.0000 0.0000 0.0000 0.0000 0.0000 0.0000 0.0005 0.0000 0.0000 0.0000 0.0000 0.0000 0.0003 0.0012 0.0014 0.3676 0.0038 0.3199 0.9143 0.0297 0.1671 0.0005 0.0065 0.0017 0.0009 0.0090 0.0424 0.0074 0.0013 0.0210 0.0212 0.0111 0.0894 0.0074 0.0077 0.0044 0.0004 0.0005 0.0036 0.0001 0.0040 0.3250 0.0019 0.0009 0.0790 0.0540 0.0002 0.0147 0.3925 0.0152 0.0025 0.0673
0.0008 0.0010 0.0125 0.9270 0.0000 0.0000 0.0000 0.0000 0.0000 0.0000 0.0000 0.0000 0.0000 0.0001 0.0000 0.0000 0.0000 0.0000 0.0001 0.0007 0.0001 0.0073 0.0001 0.0043 0.0673 0.0018 0.0042 0.0003 0.0015 0.0011 0.0007 0.0082 0.0340 0.0034 0.0018 0.0158 0.0340 0.0172 0.1188 0.0091 0.0057 0.0046 0.0008 0.0004 0.0024 0.0000 0.0010 0.0661 0.0014 0.0005 0.0239 0.0353 0.0002 0.0033 0.0479 0.0046 0.0005 0.0066
0.0005 0.0011 0.0101 0.9893 0.9951 0.0000 0.0000 0.0000 0.0000 0.0000 0.0000 0.0000 0.0000 0.0000 0.0001 0.0000 0.0000 0.0000 0.0001 0.0021 0.0007 0.1019 0.0043 0.0676 0.2890 0.0094 0.0865 0.0027 0.0059 0.0019 0.0006 0.0014 0.0036 0.0017 0.0007 0.0021 0.0030 0.0020 0.0085 0.0030 0.0016 0.0007 0.0003 0.0002 0.0008 0.0000 0.0001 0.0231 0.0003 0.0001 0.0096 0.0107 0.0000 0.0004 0.0518 0.0035 0.0003 0.0065
0.0519 0.9745 0.9878 0.9980 0.8789 0.0473 0.0000 0.0000 0.0000 0.0000 0.0000 0.0000 0.0000 0.0000 0.0000 0.0049 0.0002 0.0006 0.0019 0.0576 0.0017 0.0116 0.0003 0.0199 0.0011 0.0001 0.0021 0.0001 0.0005 0.0001 0.0001 0.0004 0.0023 0.0015 0.0003 0.0015 0.0038 0.0016 0.0070 0.0017 0.0018 0.0008 0.0002 0.0001 0.0004 0.0000 0.0000 0.0019 0.0000 0.0000 0.0001 0.0004 0.0000 0.0000 0.0001 0.0001 0.0000 0.0001
0.0298 0.5170 0.9844 0.6586 0.8662 0.0629 0.0745 0.0000 0.0000 0.0000 0.0000 0.0000 0.0000 0.0000 0.0000 0.0000 0.0005 0.0084 0.0032 0.0361 0.0004 0.0003 0.0001 0.0028 0.0053 0.0054 0.7704 0.0345 0.1065 0.0046 0.0020 0.0046 0.0195 0.0025 0.0001 0.0006 0.0008 0.0002 0.0011 0.0002 0.0002 0.0002 0.0000 0.0000 0.0002 0.0000 0.0000 0.0025 0.0000 0.0000 0.0002 0.0009 0.0000 0.0000 0.0001 0.0001 0.0000 0.0001
0.0796 0.3146 0.3660 0.0013 0.0018 0.0006 0.0016 0.0005 0.0000 0.0000 0.0000 0.0000 0.0000 0.0000 0.0000 0.0000 0.0000 0.6541 0.4396 0.7611 0.0062 0.0010 0.0000 0.2833 0.0150 0.0058 0.4808 0.0011 0.0566 0.0008 0.0009 0.0023 0.0154 0.0167 0.0001 0.0017 0.0105 0.0006 0.0057 0.0007 0.0004 0.0001 0.0000 0.0000 0.0000 0.0000 0.0000 0.0001 0.0000 0.0000 0.0000 0.0001 0.0000 0.0000 0.0000 0.0000 0.0000 0.0000
0.1612 0.4618 0.1111 0.0009 0.0001 0.0001 0.0000 0.0000 0.0001 0.0000 0.0000 0.0000 0.0000 0.0000 0.0000 0.0000 0.0000 0.0000 0.0259 0.0619 0.0000 0.0000 0.0000 0.0001 0.0000 0.0002 0.0061 0.0001 0.0083 0.0002 0.0011 0.0014 0.0005 0.0019 0.0000 0.0001 0.0005 0.0001 0.0003 0.0003 0.0001 0.0000 0.0000 0.0000 0.0000 0.0000 0.0000 0.0000 0.0000 0.0000 0.0000 0.0000 0.0000 0.0000 0.0000 0.0000 0.0000 0.0000
0.1844 0.1728 0.0169 0.0002 0.0000 0.0000 0.0000 0.0000 0.0000 0.0001 0.0000 0.0000 0.0000 0.0000 0.0000 0.0000 0.0000 0.0000 0.0000 0.0795 0.0001 0.0000 0.0000 0.0000 0.0000 0.0007 0.0774 0.0043 0.1181 0.0005 0.0041 0.0013 0.0005 0.0007 0.0000 0.0000 0.0001 0.0000 0.0000 0.0000 0.0000 0.0000 0.0000 0.0000 0.0000 0.0000 0.0000 0.0000 0.0000 0.0000 0.0000 0.0000 0.0000 0.0000 0.0000 0.0000 0.0000 0.0000
0.2164 0.0369 0.0069 0.0000 0.0000 0.0001 0.0000 0.0000 0.0000 0.0000 0.0049 0.0000 0.0000 0.0000 0.0000 0.0000 0.0000 0.0000 0.0000 0.0000 0.0002 0.0000 0.0000 0.0000 0.0000 0.0010 0.0289 0.0068 0.1938 0.0017 0.0354 0.0047 0.0391 0.0827 0.0004 0.0008 0.0035 0.0002 0.0008 0.0003 0.0001 0.0000 0.0000 0.0000 0.0000 0.0000 0.0000 0.0000 0.0000 0.0000 0.0000 0.0000 0.0000 0.0000 0.0000 0.0000 0.0000 0.0000
0.1543 0.0164 0.0050 0.0001 0.0000 0.0000 0.0000 0.0000 0.0000 0.0000 0.0002 0.0005 0.0000 0.0000 0.0000 0.0000 0.0000 0.0000 0.0000 0.0000 0.0000 0.0000 0.0000 0.0000 0.0000 0.0003 0.0034 0.0073 0.5263 0.0445 0.4469 0.0564 0.2650 0.4091 0.0021 0.0019 0.0202 0.0008 0.0025 0.0009 0.0002 0.0001 0.0001 0.0000 0.0000 0.0000 0.0000 0.0001 0.0000 0.0000 0.0000 0.0000 0.0000 0.0000 0.0000 0.0000 0.0000 0.0000
0.0744 0.0040 0.0038 0.0001 0.0000 0.0001 0.0000 0.0000 0.0000 0.0000 0.0006 0.0084 0.6541 0.0000 0.0000 0.0000 0.0000 0.0000 0.0000 0.0000 0.0000 0.0000 0.0000 0.0000 0.0001 0.0016 0.0783 0.1207 0.3699 0.0790 0.1838 0.0058 0.0161 0.0326 0.0004 0.0001 0.0012 0.0001 0.0006 0.0003 0.0001 0.0001 0.0001 0.0000 0.0000 0.0000 0.0000 0.0000 0.0000 0.0000 0.0000 0.0000 0.0000 0.0000 0.0000 0.0000 0.0000 0.0000
0.1332 0.0213 0.1214 0.0010 0.0032 0.0032 0.0003 0.0003 0.0001 0.0001 0.0019 0.0032 0.4396 0.0259 0.0000 0.0000 0.0000 0.0000 0.0000 0.0000 0.0000 0.0000 0.0000 0.0017 0.0027 0.1390 0.5086 0.9692 0.8575 0.3944 0.5857 0.0653 0.2117 0.0943 0.0009 0.0010 0.0612 0.0013 0.0199 0.0051 0.0043 0.0055 0.0015 0.0001 0.0002 0.0000 0.0001 0.0058 0.0000 0.0000 0.0002 0.0002 0.0000 0.0000 0.0001 0.0000 0.0000 0.0000
0.4214 0.4798 0.7965 0.0059 0.0040 0.0103 0.0012 0.0012 0.0007 0.0021 0.0576 0.0361 0.7611 0.0619 0.0795 0.0000 0.0000 0.0000 0.0000 0.0000 0.0000 0.0000 0.0000 0.0000 0.0622 0.6881 0.5634 0.7669 0.1959 0.0088 0.0054 0.0012 0.0014 0.0004 0.0000 0.0000 0.0003 0.0000 0.0006 0.0001 0.0001 0.0000 0.0000 0.0000 0.0000 0.0000 0.0000 0.0002 0.0000 0.0000 0.0001 0.0001 0.0000 0.0000 0.0001 0.0000 0.0001 0.0002
0.0166 0.0319 0.5766 0.0022 0.0026 0.0007 0.0016 0.0014 0.0001 0.0007 0.0017 0.0004 0.0062 0.0000 0.0001 0.0002 0.0000 0.0000 0.0000 0.0000 0.0000 0.0000 0.0000 0.0000 0.0000 0.9691 0.7496 0.8304 0.0271 0.0012 0.0011 0.0016 0.0098 0.0008 0.0000 0.0001 0.0224 0.0002 0.0116 0.0003 0.0004 0.0003 0.0001 0.0000 0.0000 0.0000 0.0000 0.0136 0.0000 0.0000 0.0076 0.0011 0.0000 0.0009 0.0026 0.0000 0.0000 0.0036
0.0168 0.1315 0.9632 0.9551 0.9959 0.0150 0.2318 0.3676 0.0073 0.1019 0.0116 0.0003 0.0010 0.0000 0.0000 0.0000 0.0000 0.0000 0.0000 0.0000 0.0000 0.0000 0.0000 0.0000 0.0000 0.0000 0.3777 0.0237 0.0016 0.0000 0.0000 0.0000 0.0000 0.0000 0.0000 0.0000 0.0000 0.0000 0.0001 0.0000 0.0000 0.0000 0.0000 0.0000 0.0000 0.0000 0.0000 0.0004 0.0000 0.0000 0.0146 0.0052 0.0000 0.0530 0.1787 0.0002 0.0002 0.0174
0.1570 0.6607 0.9917 0.9856 0.2672 0.0006 0.0002 0.0038 0.0001 0.0043 0.0003 0.0001 0.0000 0.0000 0.0000 0.0000 0.0000 0.0000 0.0000 0.0000 0.0000 0.0000 0.0000 0.0000 0.0000 0.0000 0.0000 0.0031 0.0001 0.0000 0.0000 0.0000 0.0000 0.0000 0.0000 0.0000 0.0000 0.0000 0.0002 0.0000 0.0001 0.0000 0.0000 0.0000 0.0000 0.0000 0.0000 0.0000 0.0000 0.0000 0.0006 0.0003 0.0000 0.0408 0.0299 0.0006 0.0007 0.0197
0.0019 0.0024 0.0930 0.8698 0.9608 0.0186 0.0236 0.3199 0.0043 0.0676 0.0199 0.0028 0.2833 0.0001 0.0000 0.0000 0.0000 0.0000 0.0017 0.0000 0.0000 0.0000 0.0000 0.0000 0.0000 0.0000 0.0000 0.0000 0.0004 0.0000 0.0000 0.0000 0.0001 0.0000 0.0000 0.0000 0.0002 0.0000 0.0008 0.0000 0.0001 0.0000 0.0000 0.0000 0.0000 0.0000 0.0000 0.0001 0.0000 0.0001 0.1942 0.0193 0.0001 0.5373 0.9155 0.0024 0.0049 0.2681
0.0006 0.0003 0.0169 0.1020 0.9898 0.5969 0.9465 0.9143 0.0673 0.2890 0.0011 0.0053 0.0150 0.0000 0.0000 0.0000 0.0000 0.0001 0.0027 0.0622 0.0000 0.0000 0.0000 0.0000 0.0000 0.0000 0.0000 0.0000 0.0000 0.0000 0.0000 0.0000 0.0005 0.0000 0.0000 0.0000 0.0004 0.0000 0.0031 0.0001 0.0010 0.0016 0.0006 0.0005 0.0000 0.0000 0.0003 0.0088 0.0001 0.0096 0.8600 0.0666 0.0001 0.1050 0.3401 0.0001 0.0000 0.0013
0.0001 0.0001 0.0001 0.0001 0.0278 0.0078 0.2838 0.0297 0.0018 0.0094 0.0001 0.0054 0.0058 0.0002 0.0007 0.0010 0.0003 0.0016 0.1390 0.6881 0.9691 0.0000 0.0000 0.0000 0.0000 0.0000 0.0000 0.0000 0.0000 0.0000 0.0045 0.0029 0.0403 0.0034 0.0002 0.0014 0.0099 0.0011 0.0184 0.0003 0.0031 0.0016 0.0008 0.0003 0.0000 0.0000 0.0016 0.0034 0.0001 0.0023 0.4944 0.0254 0.0001 0.0259 0.1121 0.0002 0.0000 0.0009
0.0000 0.0000 0.0000 0.0000 0.0405 0.0175 0.6726 0.1671 0.0042 0.0865 0.0021 0.7704 0.4808 0.0061 0.0774 0.0289 0.0034 0.0783 0.5086 0.5634 0.7496 0.3777 0.0000 0.0000 0.0000 0.0000 0.0000 0.0000 0.0000 0.0000 0.0000 0.0086 0.1218 0.0010 0.0000 0.0002 0.0030 0.0001 0.0034 0.0002 0.0082 0.0721 0.1943 0.3455 0.0025 0.0002 0.8753 0.8328 0.0008 0.0458 0.9254 0.1067 0.0000 0.0037 0.0133 0.0000 0.0000 0.0000
0.0000 0.0000 0.0000 0.0000 0.0001 0.0006 0.0071 0.0005 0.0003 0.0027 0.0001 0.0345 0.0011 0.0001 0.0043 0.0068 0.0073 0.1207 0.9692 0.7669 0.8304 0.0237 0.0031 0.0000 0.0000 0.0000 0.0000 0.0000 0.0000 0.0000 0.0000 0.0000 0.7712 0.2004 0.0015 0.0048 0.0516 0.0010 0.0698 0.0050 0.1111 0.2093 0.4279 0.0708 0.0009 0.0001 0.0838 0.0184 0.0001 0.0004 0.0058 0.0024 0.0000 0.0000 0.0007 0.0000 0.0000 0.0000
0.0000 0.0000 0.0000 0.0000 0.0001 0.0016 0.0101 0.0065 0.0015 0.0059 0.0005 0.1065 0.0566 0.0083 0.1181 0.1938 0.5263 0.3699 0.8575 0.1959 0.0271 0.0016 0.0001 0.0004 0.0000 0.0000 0.0000 0.0000 0.0000 0.0000 0.0000 0.0000 0.0000 0.6492 0.0031 0.0010 0.0244 0.0002 0.0079 0.0009 0.0289 0.0816 0.2065 0.1413 0.0062 0.0003 0.0256 0.0443 0.0005 0.0001 0.0011 0.0009 0.0000 0.0000 0.0001 0.0000 0.0000 0.0000
0.0000 0.0000 0.0000 0.0000 0.0000 0.0001 0.0003 0.0017 0.0011 0.0019 0.0001 0.0046 0.0008 0.0002 0.0005 0.0017 0.0445 0.0790 0.3944 0.0088 0.0012 0.0000 0.0000 0.0000 0.0000 0.0000 0.0000 0.0000 0.0000 0.0000 0.0000 0.0000 0.0000 0.0000 0.0155 0.0028 0.0289 0.0003 0.0730 0.0080 0.2928 0.5989 0.5861 0.0928 0.0043 0.0001 0.0042 0.0031 0.0001 0.0000 0.0000 0.0002 0.0000 0.0000 0.0000 0.0000 0.0000 0.0000
0.0000 0.0000 0.0000 0.0000 0.0000 0.0000 0.0001 0.0009 0.0007 0.0006 0.0001 0.0020 0.0009 0.0011 0.0041 0.0354 0.4469 0.1838 0.5857 0.0054 0.0011 0.0000 0.0000 0.0000 0.0000 0.0045 0.0000 0.0000 0.0000 0.0000 0.0000 0.0000 0.0000 0.0000 0.0000 0.0074 0.0059 0.0002 0.0031 0.0019 0.0179 0.0300 0.0242 0.0020 0.0005 0.0000 0.0000 0.0001 0.0000 0.0000 0.0000 0.0000 0.0000 0.0000 0.0000 0.0000 0.0000 0.0000
0.0000 0.0000 0.0000 0.0000 0.0000 0.0002 0.0005 0.0090 0.0082 0.0014 0.0004 0.0046 0.0023 0.0014 0.0013 0.0047 0.0564 0.0058 0.0653 0.0012 0.0016 0.0000 0.0000 0.0000 0.0000 0.0029 0.0086 0.0000 0.0000 0.0000 0.0000 0.0000 0.0000 0.0000 0.0000 0.0000 0.2409 0.0147 0.3351 0.0318 0.2974 0.3694 0.0994 0.0021 0.0005 0.0000 0.0000 0.0001 0.0000 0.0000 0.0000 0.0000 0.0000 0.0000 0.0000 0.0000 0.0000 0.0000
0.0000 0.0000 0.0000 0.0000 0.0000 0.0003 0.0035 0.0424 0.0340 0.0036 0.0023 0.0195 0.0154 0.0005 0.0005 0.0391 0.2650 0.0161 0.2117 0.0014 0.0098 0.0000 0.0000 0.0001 0.0005 0.0403 0.1218 0.7712 0.0000 0.0000 0.0000 0.0000 0.0000 0.0000 0.0000 0.0000 0.0000 0.1023 0.8747 0.0783 0.3516 0.8078 0.1408 0.0140 0.0015 0.0000 0.0008 0.0052 0.0001 0.0000 0.0002 0.0024 0.0000 0.0000 0.0003 0.0000 0.0000 0.0000
0.0001 0.0002 0.0000 0.0000 0.0000 0.0011 0.0012 0.0074 0.0034 0.0017 0.0015 0.0025 0.0167 0.0019 0.0007 0.0827 0.4091 0.0326 0.0943 0.0004 0.0008 0.0000 0.0000 0.0000 0.0000 0.0034 0.0010 0.2004 0.6492 0.0000 0.0000 0.0000 0.0000 0.0000 0.0000 0.0000 0.0000 0.0000 0.1185 0.0103 0.0073 0.0295 0.0048 0.0013 0.0004 0.0000 0.0000 0.0008 0.0002 0.0000 0.0000 0.0139 0.0002 0.0000 0.0002 0.0001 0.0000 0.0000
0.0000 0.0000 0.0000 0.0000 0.0000 0.0000 0.0001 0.0013 0.0018 0.0007 0.0003 0.0001 0.0001 0.0000 0.0000 0.0004 0.0021 0.0004 0.0009 0.0000 0.0000 0.0000 0.0000 0.0000 0.0000 0.0002 0.0000 0.0015 0.0031 0.0155 0.0000 0.0000 0.0000 0.0000 0.0000 0.0000 0.0000 0.0000 0.0000 0.0554 0.0297 0.0257 0.0020 0.0007 0.0006 0.0000 0.0000 0.0004 0.0003 0.0000 0.0000 0.0206 0.0046 0.0000 0.0006 0.0009 0.0000 0.0000
0.0001 0.0003 0.0000 0.0000 0.0000 0.0006 0.0019 0.0210 0.0158 0.0021 0.0015 0.0006 0.0017 0.0001 0.0000 0.0008 0.0019 0.0001 0.0010 0.0000 0.0001 0.0000 0.0000 0.0000 0.0000 0.0014 0.0002 0.0048 0.0010 0.0028 0.0074 0.0000 0.0000 0.0000 0.0000 0.0000 0.0000 0.0000 0.0000 0.0000 0.1161 0.3976 0.0164 0.0037 0.0104 0.0000 0.0002 0.0148 0.0065 0.0001 0.0002 0.0632 0.0025 0.0000 0.0007 0.0005 0.0000 0.0000
0.0001 0.0001 0.0000 0.0000 0.0000 0.0008 0.0035 0.0212 0.0340 0.0030 0.0038 0.0008 0.0105 0.0005 0.0001 0.0035 0.0202 0.0012 0.0612 0.0003 0.0224 0.0000 0.0000 0.0002 0.0004 0.0099 0.0030 0.0516 0.0244 0.0289 0.0059 0.2409 0.0000 0.0000 0.0000 0.0000 0.0000 0.0000 0.0000 0.0000 0.0000 0.4814 0.0559 0.0567 0.4375 0.0019 0.0096 0.9255 0.5263 0.0024 0.0777 0.8933 0.0434 0.0002 0.0318 0.0042 0.0000 0.0000
0.0004 0.0004 0.0001 0.0000 0.0000 0.0008 0.0014 0.0111 0.0172 0.0020 0.0016 0.0002 0.0006 0.0001 0.0000 0.0002 0.0008 0.0001 0.0013 0.0000 0.0002 0.0000 0.0000 0.0000 0.0000 0.0011 0.0001 0.0010 0.0002 0.0003 0.0002 0.0147 0.1023 0.0000 0.0000 0.0000 0.0000 0.0000 0.0000 0.0000 0.0000 0.0000 0.0584 0.0470 0.6693 0.0038 0.0027 0.7223 0.3348 0.0002 0.0024 0.1913 0.0006 0.0000 0.0004 0.0000 0.0000 0.0000
0.0005 0.0002 0.0001 0.0001 0.0002 0.0059 0.0166 0.0894 0.1188 0.0085 0.0070 0.0011 0.0057 0.0003 0.0000 0.0008 0.0025 0.0006 0.0199 0.0006 0.0116 0.0001 0.0002 0.0008 0.0031 0.0184 0.0034 0.0698 0.0079 0.0730 0.0031 0.3351 0.8747 0.1185 0.0000 0.0000 0.0000 0.0000 0.0000 0.0000 0.0000 0.0000 0.0000 0.1145 0.8666 0.0122 0.0189 0.8955 0.1336 0.0009 0.0404 0.1440 0.0006 0.0001 0.0049 0.0000 0.0000 0.0000
0.0011 0.0002 0.0001 0.0001 0.0000 0.0016 0.0010 0.0074 0.0091 0.0030 0.0017 0.0002 0.0007 0.0003 0.0000 0.0003 0.0009 0.0003 0.0051 0.0001 0.0003 0.0000 0.0000 0.0000 0.0001 0.0003 0.0002 0.0050 0.0009 0.0080 0.0019 0.0318 0.0783 0.0103 0.0554 0.0000 0.0000 0.0000 0.0000 0.0000 0.0000 0.0000 0.0000 0.0000 0.5058 0.0044 0.0046 0.1446 0.0074 0.0012 0.0007 0.0024 0.0000 0.0000 0.0001 0.0000 0.0000 0.0000
0.0011 0.0002 0.0001 0.0001 0.0001 0.0041 0.0026 0.0077 0.0057 0.0016 0.0018 0.0002 0.0004 0.0001 0.0000 0.0001 0.0002 0.0001 0.0043 0.0001 0.0004 0.0000 0.0001 0.0001 0.0010 0.0031 0.0082 0.1111 0.0289 0.2928 0.0179 0.2974 0.3516 0.0073 0.0297 0.1161 0.0000 0.0000 0.0000 0.0000 0.0000 0.0000 0.0000 0.0000 0.0000 0.0094 0.0209 0.1523 0.0041 0.0006 0.0049 0.0009 0.0000 0.0000 0.0000 0.0000 0.0000 0.0000
0.0005 0.0001 0.0001 0.0000 0.0001 0.0008 0.0015 0.0044 0.0046 0.0007 0.0008 0.0002 0.0001 0.0000 0.0000 0.0000 0.0001 0.0001 0.0055 0.0000 0.0003 0.0000 0.0000 0.0000 0.0016 0.0016 0.0721 0.2093 0.0816 0.5989 0.0300 0.3694 0.8078 0.0295 0.0257 0.3976 0.4814 0.0000 0.0000 0.0000 0.0000 0.0000 0.0000 0.0000 0.0000 0.0000 0.6359 0.8899 0.0148 0.0112 0.2110 0.0017 0.0000 0.0000 0.0001 0.0000 0.0000 0.0000
0.0003 0.0001 0.0000 0.0000 0.0000 0.0002 0.0002 0.0004 0.0008 0.0003 0.0002 0.0000 0.0000 0.0000 0.0000 0.0000 0.0001 0.0001 0.0015 0.0000 0.0001 0.0000 0.0000 0.0000 0.0006 0.0008 0.1943 0.4279 0.2065 0.5861 0.0242 0.0994 0.1408 0.0048 0.0020 0.0164 0.0559 0.0584 0.0000 0.0000 0.0000 0.0000 0.0000 0.0000 0.0000 0.0000 0.0000 0.2316 0.0058 0.0012 0.0844 0.0003 0.0000 0.0001 0.0000 0.0000 0.0000 0.0000
0.0002 0.0001 0.0000 0.0000 0.0001 0.0003 0.0002 0.0005 0.0004 0.0002 0.0001 0.0000 0.0000 0.0000 0.0000 0.0000 0.0000 0.0000 0.0001 0.0000 0.0000 0.0000 0.0000 0.0000 0.0005 0.0003 0.3455 0.0708 0.1413 0.0928 0.0020 0.0021 0.0140 0.0013 0.0007 0.0037 0.0567 0.0470 0.1145 0.0000 0.0000 0.0000 0.0000 0.0000 0.0000 0.0000 0.0000 0.0000 0.0042 0.0014 0.0859 0.0004 0.0000 0.0001 0.0000 0.0000 0.0000 0.0000
0.0007 0.0005 0.0001 0.0002 0.0001 0.0009 0.0007 0.0036 0.0024 0.0008 0.0004 0.0002 0.0000 0.0000 0.0000 0.0000 0.0000 0.0000 0.0002 0.0000 0.0000 0.0000 0.0000 0.0000 0.0000 0.0000 0.0025 0.0009 0.0062 0.0043 0.0005 0.0005 0.0015 0.0004 0.0006 0.0104 0.4375 0.6693 0.8666 0.5058 0.0000 0.0000 0.0000 0.0000 0.0000 0.0000 0.0000 0.0000 0.0000 0.0036 0.0024 0.0000 0.0000 0.0001 0.0000 0.0000 0.0000 0.0000
0.0002 0.0000 0.0000 0.0000 0.0000 0.0000 0.0000 0.0001 0.0000 0.0000 0.0000 0.0000 0.0000 0.0000 0.0000 0.0000 0.0000 0.0000 0.0000 0.0000 0.0000 0.0000 0.0000 0.0000 0.0000 0.0000 0.0002 0.0001 0.0003 0.0001 0.0000 0.0000 0.0000 0.0000 0.0000 0.0000 0.0019 0.0038 0.0122 0.0044 0.0094 0.0000 0.0000 0.0000 0.0000 0.0000 0.0000 0.0000 0.0000 0.0011 0.6836 0.0001 0.0041 0.1180 0.0000 0.0000 0.0000 0.0000
0.0004 0.0001 0.0002 0.0001 0.0001 0.0006 0.0007 0.0040 0.0010 0.0001 0.0000 0.0000 0.0000 0.0000 0.0000 0.0000 0.0000 0.0000 0.0001 0.0000 0.0000 0.0000 0.0000 0.0000 0.0003 0.0016 0.8753 0.0838 0.0256 0.0042 0.0000 0.0000 0.0008 0.0000 0.0000 0.0002 0.0096 0.0027 0.0189 0.0046 0.0209 0.6359 0.0000 0.0000 0.0000 0.0000 0.0000 0.0000 0.0000 0.0000 0.0007 0.0004 0.0000 0.0001 0.0000 0.0000 0.0000 0.0000
0.0065 0.0006 0.0046 0.0008 0.0011 0.0149 0.0619 0.3250 0.0661 0.0231 0.0019 0.0025 0.0001 0.0000 0.0000 0.0000 0.0001 0.0000 0.0058 0.0002 0.0136 0.0004 0.0000 0.0001 0.0088 0.0034 0.8328 0.0184 0.0443 0.0031 0.0001 0.0001 0.0052 0.0008 0.0004 0.0148 0.9255 0.7223 0.8955 0.1446 0.1523 0.8899 0.2316 0.0000 0.0000 0.0000 0.0000 0.0000 0.0000 0.0000 0.0000 0.0000 0.0001 0.0000 0.0000 0.0000 0.0000 0.0000
0.0016 0.0001 0.0002 0.0001 0.0000 0.0006 0.0003 0.0019 0.0014 0.0003 0.0000 0.0000 0.0000 0.0000 0.0000 0.0000 0.0000 0.0000 0.0000 0.0000 0.0000 0.0000 0.0000 0.0000 0.0001 0.0001 0.0008 0.0001 0.0005 0.0001 0.0000 0.0000 0.0001 0.0002 0.0003 0.0065 0.5263 0.3348 0.1336 0.0074 0.0041 0.0148 0.0058 0.0042 0.0000 0.0000 0.0000 0.0000 0.0000 0.0000 0.0000 0.0000 0.0000 0.0000 0.0000 0.0000 0.0000 0.0000
0.0009 0.0001 0.0001 0.0000 0.0000 0.0002 0.0003 0.0009 0.0005 0.0001 0.0000 0.0000 0.0000 0.0000 0.0000 0.0000 0.0000 0.0000 0.0000 0.0000 0.0000 0.0000 0.0000 0.0001 0.0096 0.0023 0.0458 0.0004 0.0001 0.0000 0.0000 0.0000 0.0000 0.0000 0.0000 0.0001 0.0024 0.0002 0.0009 0.0012 0.0006 0.0112 0.0012 0.0014 0.0036 0.0011 0.0000 0.0000 0.0000 0.0000 0.0000 0.0000 0.0000 0.0000 0.0000 0.0000 0.0000 0.0001
0.0005 0.0000 0.0005 0.0003 0.0007 0.0034 0.0459 0.0790 0.0239 0.0096 0.0001 0.0002 0.0000 0.0000 0.0000 0.0000 0.0000 0.0000 0.0002 0.0001 0.0076 0.0146 0.0006 0.1942 0.8600 0.4944 0.9254 0.0058 0.0011 0.0000 0.0000 0.0000 0.0002 0.0000 0.0000 0.0002 0.0777 0.0024 0.0404 0.0007 0.0049 0.2110 0.0844 0.0859 0.0024 0.6836 0.0007 0.0000 0.0000 0.0000 0.0000 0.0000 0.0000 0.0000 0.0000 0.0001 0.0000 0.0009
0.0014 0.0002 0.0012 0.0006 0.0004 0.0036 0.0369 0.0540 0.0353 0.0107 0.0004 0.0009 0.0001 0.0000 0.0000 0.0000 0.0000 0.0000 0.0002 0.0001 0.0011 0.0052 0.0003 0.0193 0.0666 0.0254 0.1067 0.0024 0.0009 0.0002 0.0000 0.0000 0.0024 0.0139 0.0206 0.0632 0.8933 0.1913 0.1440 0.0024 0.0009 0.0017 0.0003 0.0004 0.0000 0.0001 0.0004 0.0000 0.0000 0.0000 0.0000 0.0000 0.0000 0.0000 0.0000 0.0000 0.0024 0.0030
0.0002 0.0000 0.0000 0.0000 0.0000 0.0000 0.0002 0.0002 0.0002 0.0000 0.0000 0.0000 0.0000 0.0000 0.0000 0.0000 0.0000 0.0000 0.0000 0.0000 0.0000 0.0000 0.0000 0.0001 0.0001 0.0001 0.0000 0.0000 0.0000 0.0000 0.0000 0.0000 0.0000 0.0002 0.0046 0.0025 0.0434 0.0006 0.0006 0.0000 0.0000 0.0000 0.0000 0.0000 0.0000 0.0041 0.0000 0.0001 0.0000 0.0000 0.0000 0.0000 0.0000 0.0000 0.0000 0.0000 0.0014 0.1009
0.0012 0.0002 0.0002 0.0002 0.0002 0.0105 0.0371 0.0147 0.0033 0.0004 0.0000 0.0000 0.0000 0.0000 0.0000 0.0000 0.0000 0.0000 0.0000 0.0000 0.0009 0.0530 0.0408 0.5373 0.1050 0.0259 0.0037 0.0000 0.0000 0.0000 0.0000 0.0000 0.0000 0.0000 0.0000 0.0000 0.0002 0.0000 0.0001 0.0000 0.0000 0.0000 0.0001 0.0001 0.0001 0.1180 0.0001 0.0000 0.0000 0.0000 0.0000 0.0000 0.0000 0.0000 0.0000 0.0000 0.0000 0.0023
0.0003 0.0001 0.0005 0.0006 0.0021 0.0403 0.4752 0.3925 0.0479 0.0518 0.0001 0.0001 0.0000 0.0000 0.0000 0.0000 0.0000 0.0000 0.0001 0.0001 0.0026 0.1787 0.0299 0.9155 0.3401 0.1121 0.0133 0.0007 0.0001 0.0000 0.0000 0.0000 0.0003 0.0002 0.0006 0.0007 0.0318 0.0004 0.0049 0.0001 0.0000 0.0001 0.0000 0.0000 0.0000 0.0000 0.0000 0.0000 0.0000 0.0000 0.0000 0.0000 0.0000 0.0000 0.0000 0.0000 0.0000 0.0000
0.0005 0.0002 0.0001 0.0004 0.0002 0.0024 0.0135 0.0152 0.0046 0.0035 0.0001 0.0001 0.0000 0.0000 0.0000 0.0000 0.0000 0.0000 0.0000 0.0000 0.0000 0.0002 0.0006 0.0024 0.0001 0.0002 0.0000 0.0000 0.0000 0.0000 0.0000 0.0000 0.0000 0.0001 0.0009 0.0005 0.0042 0.0000 0.0000 0.0000 0.0000 0.0000 0.0000 0.0000 0.0000 0.0000 0.0000 0.0000 0.0000 0.0000 0.0001 0.0000 0.0000 0.0000 0.0000 0.0000 0.0000 0.0000
0.0002 0.0001 0.0000 0.0002 0.0001 0.0007 0.0045 0.0025 0.0005 0.0003 0.0000 0.0000 0.0000 0.0000 0.0000 0.0000 0.0000 0.0000 0.0000 0.0001 0.0000 0.0002 0.0007 0.0049 0.0000 0.0000 0.0000 0.0000 0.0000 0.0000 0.0000 0.0000 0.0000 0.0000 0.0000 0.0000 0.0000 0.0000 0.0000 0.0000 0.0000 0.0000 0.0000 0.0000 0.0000 0.0000 0.0000 0.0000 0.0000 0.0000 0.0000 0.0024 0.0014 0.0000 0.0000 0.0000 0.0000 0.0000
0.0009 0.0005 0.0004 0.0014 0.0010 0.0144 0.0889 0.0673 0.0066 0.0065 0.0001 0.0001 0.0000 0.0000 0.0000 0.0000 0.0000 0.0000 0.0000 0.0002 0.0036 0.0174 0.0197 0.2681 0.0013 0.0009 0.0000 0.0000 0.0000 0.0000 0.0000 0.0000 0.0000 0.0000 0.0000 0.0000 0.0000 0.0000 0.0000 0.0000 0.0000 0.0000 0.0000 0.0000 0.0000 0.0000 0.0000 0.0000 0.0000 0.0001 0.0009 0.0030 0.1009 0.0023 0.0000 0.0000 0.0000 0.0000
