0.0000 0.0000 0.0000 0.0000 0.0000 0.0630 0.0001 0.0007 0.0684 0.0002 0.0001 0.0000 0.0001 0.0000 0.0000 0.0000 0.0000 0.0000 0.0000 0.0000 0.0000 0.0000 0.0000 0.0000 0.0000 0.0000 0.0000 0.0001 0.0000 0.0000 0.0000 0.0044 0.0000 0.0001 0.0005 0.0009 0.0190 0.0000 0.0001 0.0005 0.0000 0.0001 0.0000 0.0002 0.0000 0.0000 0.0000 0.0000 0.0000 0.0000 0.0000 0.0000 0.0000 0.0000 0.0000 0.0000 0.0001 0.0000 0.0000 0.0000 0.0000 0.0000 0.0001 0.0001 0.0000 0.0001 0.0001 0.0009 0.0000 0.0000 0.0000 0.0000 0.0000 0.0002 0.0004 0.0004 0.0038 0.0007 0.0003 0.0006
0.0000 0.0000 0.0000 0.0000 0.0000 0.0000 0.0078 0.0054 0.0167 0.0000 0.0000 0.0000 0.0000 0.0000 0.0000 0.0000 0.0000 0.0000 0.0000 0.0000 0.0000 0.0000 0.0000 0.0000 0.0000 0.0000 0.0000 0.0000 0.0000 0.0000 0.0000 0.0000 0.0000 0.0000 0.0000 0.0000 0.0000 0.0000 0.0000 0.0000 0.0000 0.0000 0.0000 0.0000 0.0000 0.0000 0.0000 0.0001 0.0000 0.0000 0.0000 0.0000 0.0000 0.0000 0.0000 0.0000 0.0000 0.0000 0.0000 0.0000 0.0000 0.0000 0.0000 0.0000 0.0000 0.0000 0.0000 0.0002 0.0000 0.0000 0.0000 0.0000 0.0000 0.0000 0.0000 0.0002 0.0008 0.0000 0.0006 0.0000
0.0000 0.0000 0.0000 0.0000 0.0000 0.0000 0.0000 0.0862 0.0140 0.0000 0.0017 0.0007 0.0000 0.0000 0.0000 0.0000 0.0000 0.0000 0.0000 0.0000 0.0000 0.0000 0.0000 0.0000 0.0000 0.0000 0.0000 0.0000 0.0000 0.0000 0.0000 0.0000 0.0001 0.0000 0.0003 0.0003 0.0001 0.0000 0.0069 0.0004 0.0000 0.0000 0.0000 0.0000 0.0000 0.0000 0.0000 0.0000 0.0000 0.0000 0.0000 0.0000 0.0000 0.0000 0.0001 0.0000 0.0000 0.0000 0.0000 0.0000 0.0000 0.0000 0.0000 0.0002 0.0000 0.0004 0.0000 0.0001 0.0000 0.0000 0.0000 0.0000 0.0000 0.0000 0.0000 0.0002 0.0030 0.0001 0.0144 0.0002
0.0000 0.0000 0.0000 0.0000 0.0000 0.0000 0.0000 0.0000 0.0218 0.0000 0.0000 0.0000 0.0000 0.0000 0.0000 0.0000 0.0000 0.0000 0.0000 0.0000 0.0000 0.0000 0.0000 0.0000 0.0000 0.0199 0.0008 0.0390 0.0007 0.0001 0.0000 0.0002 0.0000 0.0005 0.0116 0.0038 0.0271 0.0027 0.0032 0.0252 0.0000 0.0000 0.0000 0.0000 0.0001 0.0002 0.0000 0.0002 0.0001 0.0000 0.0000 0.0001 0.0000 0.0000 0.0001 0.0017 0.0000 0.0000 0.0117 0.0036 0.0038 0.0021 0.0002 0.0052 0.0007 0.0240 0.0001 0.0035 0.0000 0.0003 0.0005 0.0000 0.0000 0.0004 0.0088 0.0145 0.1239 0.0395 0.0886 0.0028
0.0000 0.0000 0.0000 0.0000 0.0000 0.0000 0.0000 0.0000 0.0000 0.0000 0.0000 0.0000 0.0000 0.0000 0.0000 0.0000 0.0000 0.0000 0.0000 0.0000 0.0000 0.0000 0.0000 0.0001 0.0000 0.0001 0.0000 0.0007 0.0000 0.0000 0.0000 0.0000 0.0000 0.0000 0.0001 0.0002 0.0019 0.0001 0.0000 0.0000 0.0000 0.0000 0.0000 0.0000 0.0000 0.0003 0.0000 0.0001 0.0005 0.0000 0.0000 0.0000 0.0002 0.0000 0.0000 0.0000 0.0000 0.0000 0.0000 0.0000 0.0000 0.0000 0.0000 0.0001 0.0000 0.0003 0.0000 0.0000 0.0000 0.0000 0.0000 0.0000 0.0000 0.0000 0.0001 0.0009 0.0162 0.0002 0.0021 0.0001
0.0630 0.0000 0.0000 0.0000 0.0000 0.0000 0.0000 0.0000 0.0000 0.0000 0.0000 0.0000 0.0000 0.0000 0.0000 0.0000 0.0000 0.0000 0.0000 0.0000 0.0000 0.0000 0.0000 0.0000 0.0000 0.0000 0.0000 0.0000 0.0000 0.0000 0.0000 0.0000 0.0000 0.0000 0.0000 0.0000 0.0001 0.0000 0.0000 0.0000 0.0000 0.0000 0.0000 0.0000 0.0000 0.0000 0.0000 0.0000 0.0000 0.0000 0.0000 0.0000 0.0000 0.0000 0.0000 0.0000 0.0000 0.0000 0.0000 0.0000 0.0000 0.0000 0.0000 0.0000 0.0001 0.0000 0.0000 0.0000 0.0000 0.0000 0.0000 0.0000 0.0000 0.0000 0.0000 0.0000 0.0021 0.0000 0.0002 0.0000
0.0001 0.0078 0.0000 0.0000 0.0000 0.0000 0.0000 0.0000 0.0000 0.0000 0.0000 0.0000 0.0000 0.0000 0.0000 0.0000 0.0000 0.0000 0.0000 0.0000 0.0000 0.0000 0.0000 0.0016 0.0000 0.0065 0.0000 0.0001 0.0000 0.0000 0.0000 0.0002 0.0004 0.0001 0.0424 0.0004 0.0324 0.0064 0.0006 0.0029 0.0000 0.0003 0.0000 0.0000 0.0020 0.0001 0.0000 0.0000 0.0002 0.0000 0.0000 0.0455 0.0000 0.0000 0.0004 0.0318 0.0000 0.0000 0.0026 0.0004 0.0001 0.0002 0.0000 0.0011 0.0000 0.0020 0.0000 0.0000 0.0000 0.0000 0.0000 0.0000 0.0000 0.0000 0.0001 0.0017 0.0109 0.0054 0.0136 0.0001
0.0007 0.0054 0.0862 0.0000 0.0000 0.0000 0.0000 0.0000 0.0000 0.0000 0.0000 0.0000 0.0000 0.0000 0.0000 0.0000 0.0000 0.0000 0.0000 0.0000 0.0000 0.0017 0.0000 0.4869 0.0018 0.3673 0.0002 0.0144 0.0000 0.0000 0.0000 0.0000 0.0000 0.0000 0.0738 0.0011 0.1835 0.0007 0.0000 0.0047 0.0000 0.0000 0.0000 0.0000 0.0165 0.0013 0.0000 0.0077 0.0812 0.0000 0.0000 0.3566 0.0001 0.0000 0.0006 0.0007 0.0000 0.0000 0.0000 0.0000 0.0000 0.0000 0.0000 0.0004 0.0001 0.0757 0.0000 0.0091 0.0000 0.0000 0.0000 0.0000 0.0000 0.0000 0.0008 0.0015 0.0157 0.0002 0.0019 0.0001
0.0684 0.0167 0.0140 0.0218 0.0000 0.0000 0.0000 0.0000 0.0000 0.0000 0.0000 0.0000 0.0000 0.0000 0.0000 0.0000 0.0000 0.0000 0.0000 0.0000 0.0000 0.0000 0.0000 0.0237 0.0000 0.0000 0.0000 0.0000 0.0000 0.0000 0.0000 0.0000 0.0000 0.0000 0.0009 0.0000 0.0035 0.0001 0.0001 0.0000 0.0000 0.0001 0.0000 0.0000 0.0103 0.0037 0.0000 0.0000 0.0031 0.0003 0.0000 0.0007 0.0000 0.0000 0.0000 0.0000 0.0000 0.0000 0.0000 0.0000 0.0000 0.0000 0.0000 0.0000 0.0000 0.0002 0.0000 0.0014 0.0000 0.0000 0.0000 0.0000 0.0000 0.0000 0.0001 0.0002 0.0010 0.0001 0.0004 0.0000
0.0002 0.0000 0.0000 0.0000 0.0000 0.0000 0.0000 0.0000 0.0000 0.0000 0.0000 0.0000 0.0000 0.0000 0.0000 0.0000 0.0000 0.0000 0.0000 0.0000 0.0000 0.0000 0.0000 0.0000 0.0000 0.0000 0.0000 0.0000 0.0000 0.0000 0.0000 0.0001 0.0000 0.0000 0.0000 0.0000 0.0006 0.0000 0.0001 0.0000 0.0000 0.0000 0.0000 0.0000 0.0012 0.0149 0.0000 0.0000 0.0046 0.0002 0.0000 0.0008 0.0000 0.0000 0.0075 0.0002 0.0000 0.0000 0.0000 0.0000 0.0000 0.0000 0.0000 0.0000 0.0000 0.0000 0.0000 0.0000 0.0000 0.0000 0.0000 0.0000 0.0000 0.0000 0.0002 0.0010 0.0008 0.0001 0.0010 0.0000
0.0001 0.0000 0.0017 0.0000 0.0000 0.0000 0.0000 0.0000 0.0000 0.0000 0.0000 0.0000 0.0000 0.0000 0.0000 0.0001 0.0000 0.0000 0.0000 0.0000 0.0000 0.0168 0.0000 0.0095 0.0001 0.0014 0.0002 0.0000 0.0000 0.0000 0.0000 0.0003 0.0000 0.0000 0.0039 0.0002 0.1018 0.0000 0.0001 0.0036 0.0000 0.0000 0.0000 0.0001 0.0321 0.0139 0.0000 0.0127 0.9213 0.0004 0.0074 0.9646 0.0146 0.0001 0.5278 0.3550 0.0000 0.0000 0.0001 0.0000 0.0000 0.0000 0.0000 0.0000 0.0000 0.0212 0.0010 0.0093 0.0001 0.0010 0.0031 0.0000 0.0002 0.0000 0.0009 0.0200 0.0099 0.0014 0.0006 0.0001
0.0000 0.0000 0.0007 0.0000 0.0000 0.0000 0.0000 0.0000 0.0000 0.0000 0.0000 0.0000 0.0000 0.0000 0.0000 0.0000 0.0003 0.0000 0.0003 0.0002 0.0000 0.3499 0.0173 0.2816 0.0000 0.0001 0.0006 0.0000 0.0000 0.0000 0.0000 0.0000 0.0001 0.0001 0.5903 0.0047 0.2429 0.0005 0.0002 0.0038 0.0000 0.0085 0.0000 0.0008 0.4302 0.6828 0.0000 0.1119 0.9555 0.0069 0.0008 0.3981 0.0003 0.0001 0.0001 0.0001 0.0000 0.0000 0.0000 0.0000 0.0000 0.0000 0.0000 0.0001 0.0004 0.1180 0.0372 0.3943 0.0002 0.0013 0.0005 0.0001 0.0001 0.0000 0.0020 0.0359 0.0015 0.0002 0.0000 0.0000
0.0001 0.0000 0.0000 0.0000 0.0000 0.0000 0.0000 0.0000 0.0000 0.0000 0.0000 0.0000 0.0000 0.0000 0.0000 0.0000 0.0000 0.0006 0.0000 0.0000 0.0000 0.0001 0.0000 0.0004 0.0000 0.0000 0.0000 0.0000 0.0000 0.0000 0.0000 0.0000 0.0000 0.0000 0.0001 0.0000 0.0005 0.0000 0.0000 0.0000 0.0000 0.0002 0.0000 0.0000 0.0000 0.0035 0.0000 0.0000 0.0022 0.0000 0.0000 0.0000 0.0000 0.0000 0.0000 0.0000 0.0000 0.0000 0.0000 0.0000 0.0000 0.0000 0.0000 0.0000 0.0000 0.0003 0.0000 0.0137 0.0000 0.0002 0.0000 0.0000 0.0003 0.0000 0.0013 0.0001 0.0001 0.0000 0.0001 0.0000
0.0000 0.0000 0.0000 0.0000 0.0000 0.0000 0.0000 0.0000 0.0000 0.0000 0.0000 0.0000 0.0000 0.0000 0.0000 0.0000 0.0000 0.0000 0.0316 0.0006 0.0000 0.0029 0.0000 0.0000 0.0000 0.0000 0.0000 0.0000 0.0000 0.0000 0.0000 0.0000 0.0000 0.0000 0.0000 0.0000 0.0005 0.0000 0.0000 0.0001 0.0000 0.0001 0.0000 0.0000 0.0000 0.0000 0.0000 0.0001 0.0009 0.0000 0.0004 0.0539 0.0045 0.0002 0.1602 0.0190 0.0000 0.0000 0.0000 0.0000 0.0000 0.0000 0.0000 0.0000 0.0000 0.0001 0.0003 0.0051 0.0000 0.0010 0.0000 0.0000 0.0001 0.0000 0.0019 0.0007 0.0008 0.0001 0.0003 0.0000
0.0000 0.0000 0.0000 0.0000 0.0000 0.0000 0.0000 0.0000 0.0000 0.0000 0.0000 0.0000 0.0000 0.0000 0.0000 0.0000 0.0000 0.0000 0.0000 0.3173 0.2259 0.9937 0.0205 0.0061 0.0000 0.0000 0.0000 0.0000 0.0000 0.0000 0.0000 0.0000 0.0000 0.0000 0.0474 0.0010 0.8972 0.0008 0.0014 0.0248 0.0000 0.0000 0.0000 0.0002 0.5210 0.0026 0.0000 0.2968 0.8111 0.0006 0.0127 0.3323 0.0050 0.0001 0.0145 0.0004 0.0000 0.0000 0.0001 0.0000 0.0000 0.0000 0.0000 0.0000 0.0000 0.0100 0.0018 0.1024 0.0001 0.0462 0.0015 0.0001 0.0004 0.0002 0.0317 0.0018 0.0039 0.0002 0.0001 0.0000
0.0000 0.0000 0.0000 0.0000 0.0000 0.0000 0.0000 0.0000 0.0000 0.0000 0.0001 0.0000 0.0000 0.0000 0.0000 0.0000 0.0000 0.0000 0.0000 0.0000 0.0225 0.0361 0.0006 0.0002 0.0000 0.0000 0.0000 0.0000 0.0000 0.0000 0.0000 0.0000 0.0000 0.0000 0.0010 0.0000 0.1226 0.0003 0.0003 0.0075 0.0000 0.2906 0.0000 0.0004 0.7411 0.0834 0.0000 0.0041 0.2488 0.0025 0.0012 0.0054 0.0222 0.0005 0.0154 0.0005 0.0000 0.0000 0.0000 0.0000 0.0000 0.0000 0.0000 0.0000 0.0000 0.0004 0.0005 0.0117 0.0016 0.0024 0.0023 0.0015 0.0004 0.0001 0.0002 0.0002 0.0008 0.0000 0.0000 0.0000
0.0000 0.0000 0.0000 0.0000 0.0000 0.0000 0.0000 0.0000 0.0000 0.0000 0.0000 0.0003 0.0000 0.0000 0.0000 0.0000 0.0000 0.0000 0.0000 0.0000 0.0000 0.0000 0.0000 0.0000 0.0000 0.0000 0.0000 0.0000 0.0000 0.0000 0.0000 0.0000 0.0000 0.0000 0.0012 0.0001 0.0091 0.0001 0.0000 0.0001 0.0000 0.0221 0.0000 0.0000 0.0023 0.0002 0.0000 0.0005 0.0066 0.0000 0.0000 0.0001 0.0003 0.0000 0.0004 0.0000 0.0000 0.0000 0.0000 0.0000 0.0000 0.0000 0.0000 0.0000 0.0000 0.0000 0.0000 0.0002 0.0001 0.0004 0.0000 0.0002 0.0001 0.0000 0.0000 0.0000 0.0000 0.0000 0.0000 0.0000
0.0000 0.0000 0.0000 0.0000 0.0000 0.0000 0.0000 0.0000 0.0000 0.0000 0.0000 0.0000 0.0006 0.0000 0.0000 0.0000 0.0000 0.0000 0.0000 0.0000 0.0000 0.0000 0.0000 0.0000 0.0000 0.0002 0.0000 0.0000 0.0000 0.0000 0.0000 0.0000 0.0000 0.0000 0.0000 0.0001 0.0007 0.0020 0.0003 0.0007 0.0004 0.0000 0.0000 0.0000 0.0002 0.0001 0.0000 0.0006 0.0026 0.0000 0.0022 0.0165 0.0010 0.0002 0.0019 0.0001 0.0000 0.0000 0.0000 0.0000 0.0000 0.0000 0.0000 0.0000 0.0000 0.0000 0.0000 0.0001 0.0005 0.0036 0.0002 0.0008 0.0000 0.0000 0.0000 0.0000 0.0000 0.0000 0.0000 0.0000
0.0000 0.0000 0.0000 0.0000 0.0000 0.0000 0.0000 0.0000 0.0000 0.0000 0.0000 0.0003 0.0000 0.0316 0.0000 0.0000 0.0000 0.0000 0.0000 0.0000 0.0000 0.0000 0.0000 0.0001 0.0000 0.0000 0.0000 0.0000 0.0000 0.0000 0.0000 0.0000 0.0000 0.0000 0.0001 0.0000 0.0045 0.0002 0.0162 0.0226 0.0025 0.0570 0.0000 0.0008 0.3253 0.0020 0.0006 0.0015 0.0186 0.0000 0.0093 0.0021 0.0017 0.0000 0.0003 0.0000 0.0000 0.0000 0.0000 0.0000 0.0000 0.0000 0.0000 0.0000 0.0000 0.0000 0.0000 0.0013 0.0001 0.0129 0.0109 0.0060 0.0046 0.0002 0.0067 0.0001 0.0000 0.0000 0.0000 0.0000
0.0000 0.0000 0.0000 0.0000 0.0000 0.0000 0.0000 0.0000 0.0000 0.0000 0.0000 0.0002 0.0000 0.0006 0.3173 0.0000 0.0000 0.0000 0.0000 0.0000 0.0000 0.0000 0.0000 0.0000 0.0000 0.0000 0.0000 0.0000 0.0000 0.0000 0.0000 0.0000 0.0000 0.0001 0.0023 0.0005 0.0489 0.0491 0.1953 0.0337 0.0012 0.0077 0.0000 0.0002 0.0494 0.0011 0.0000 0.0018 0.0048 0.0000 0.0001 0.0003 0.0009 0.0000 0.0004 0.0000 0.0000 0.0000 0.0000 0.0000 0.0000 0.0000 0.0000 0.0000 0.0000 0.0000 0.0000 0.0000 0.0000 0.0406 0.0835 0.1289 0.0005 0.0000 0.0141 0.0000 0.0000 0.0000 0.0000 0.0000
0.0000 0.0000 0.0000 0.0000 0.0000 0.0000 0.0000 0.0000 0.0000 0.0000 0.0000 0.0000 0.0000 0.0000 0.2259 0.0225 0.0000 0.0000 0.0000 0.0000 0.0000 0.0000 0.0000 0.0000 0.0000 0.0000 0.0000 0.0000 0.0000 0.0000 0.0000 0.0000 0.0000 0.0002 0.0006 0.0005 0.0006 0.0181 0.8816 0.8804 0.0328 0.0046 0.0000 0.0029 0.1673 0.0013 0.0000 0.0029 0.0021 0.0000 0.0000 0.0001 0.0000 0.0000 0.0001 0.0000 0.0000 0.0000 0.0000 0.0000 0.0000 0.0000 0.0000 0.0000 0.0000 0.0000 0.0000 0.0000 0.0132 0.9739 0.4868 0.5134 0.0001 0.0017 0.0520 0.0043 0.0002 0.0000 0.0000 0.0000
0.0000 0.0000 0.0000 0.0000 0.0000 0.0000 0.0000 0.0017 0.0000 0.0000 0.0168 0.3499 0.0001 0.0029 0.9937 0.0361 0.0000 0.0000 0.0000 0.0000 0.0000 0.0000 0.0000 0.0000 0.0000 0.0000 0.0000 0.0000 0.0000 0.0000 0.0000 0.0000 0.0000 0.0001 0.0010 0.0035 0.8615 0.5092 0.9246 0.9696 0.0009 0.0003 0.0000 0.0001 0.1251 0.0000 0.0000 0.0405 0.5155 0.0000 0.0000 0.0076 0.0017 0.0000 0.0000 0.0016 0.0000 0.0000 0.0000 0.0000 0.0000 0.0000 0.0000 0.0000 0.0000 0.0001 0.0000 0.9908 0.9768 0.9931 0.0463 0.0228 0.0001 0.0001 0.1577 0.0022 0.0023 0.0000 0.0000 0.0000
0.0000 0.0000 0.0000 0.0000 0.0000 0.0000 0.0000 0.0000 0.0000 0.0000 0.0000 0.0173 0.0000 0.0000 0.0205 0.0006 0.0000 0.0000 0.0000 0.0000 0.0000 0.0000 0.0000 0.0000 0.0000 0.0000 0.0000 0.0000 0.0000 0.0000 0.0000 0.0000 0.0000 0.0006 0.0485 0.7596 0.9605 0.9817 0.8007 0.9867 0.0002 0.0006 0.0000 0.0310 0.3335 0.0000 0.0000 0.0001 0.0003 0.0000 0.0000 0.0000 0.0000 0.0000 0.0000 0.0001 0.0000 0.0001 0.0000 0.0000 0.0000 0.0000 0.0000 0.0009 0.0000 0.0003 0.0111 0.9977 0.9999 0.5501 0.1686 0.8608 0.0052 0.0006 0.0490 0.0102 0.0017 0.0001 0.0000 0.0000
0.0000 0.0000 0.0000 0.0000 0.0001 0.0000 0.0016 0.4869 0.0237 0.0000 0.0095 0.2816 0.0004 0.0000 0.0061 0.0002 0.0000 0.0000 0.0001 0.0000 0.0000 0.0000 0.0000 0.0000 0.0000 0.0000 0.0000 0.0000 0.0000 0.0000 0.0000 0.0000 0.0001 0.0028 0.2896 0.7634 0.9615 0.5840 0.0000 0.0031 0.0000 0.0000 0.0000 0.0000 0.0036 0.0000 0.0000 0.0067 0.3794 0.0000 0.0000 0.2045 0.0030 0.0000 0.0000 0.0059 0.0000 0.0001 0.0000 0.0000 0.0000 0.0000 0.0000 0.0004 0.0000 0.9778 0.9960 1.0000 0.5166 0.0000 0.0000 0.0004 0.0004 0.0612 0.0004 0.0000 0.0003 0.0000 0.0000 0.0000
0.0000 0.0000 0.0000 0.0000 0.0000 0.0000 0.0000 0.0018 0.0000 0.0000 0.0001 0.0000 0.0000 0.0000 0.0000 0.0000 0.0000 0.0000 0.0000 0.0000 0.0000 0.0000 0.0000 0.0000 0.0000 0.0000 0.0000 0.0000 0.0000 0.0005 0.0000 0.0001 0.0018 0.1897 0.5839 0.6924 0.3898 0.5946 0.0024 0.0007 0.0000 0.0000 0.0000 0.0000 0.0423 0.0000 0.0000 0.0001 0.0006 0.0000 0.0000 0.0000 0.0000 0.0000 0.0000 0.0000 0.0000 0.0000 0.0000 0.0000 0.0000 0.0000 0.0003 0.0001 0.1061 0.9988 0.9990 0.8097 0.5445 0.0001 0.0000 0.0071 0.0028 0.0439 0.0003 0.0008 0.0013 0.0001 0.0000 0.0000
0.0000 0.0000 0.0000 0.0199 0.0001 0.0000 0.0065 0.3673 0.0000 0.0000 0.0014 0.0001 0.0000 0.0000 0.0000 0.0000 0.0000 0.0002 0.0000 0.0000 0.0000 0.0000 0.0000 0.0000 0.0000 0.0000 0.0000 0.0000 0.0000 0.0000 0.0036 0.0078 0.5704 0.6549 0.8154 0.7560 0.0137 0.0003 0.0000 0.0000 0.0000 0.0000 0.0000 0.0000 0.0000 0.0000 0.0000 0.0139 0.0298 0.0000 0.0000 0.0777 0.0017 0.0000 0.0004 0.0719 0.0000 0.0001 0.0000 0.0001 0.0000 0.0000 0.0000 0.9809 0.9851 0.9999 0.4892 0.0000 0.0000 0.0000 0.0000 0.0000 0.0000 0.0000 0.0002 0.0001 0.0933 0.0003 0.0001 0.0000
0.0000 0.0000 0.0000 0.0008 0.0000 0.0000 0.0000 0.0002 0.0000 0.0000 0.0002 0.0006 0.0000 0.0000 0.0000 0.0000 0.0000 0.0000 0.0000 0.0000 0.0000 0.0000 0.0000 0.0000 0.0000 0.0000 0.0000 0.0000 0.0000 0.0000 0.0000 0.5640 0.5334 0.9118 0.6366 0.2969 0.0009 0.0000 0.0000 0.0000 0.0000 0.0000 0.0000 0.0000 0.0000 0.0000 0.0000 0.0000 0.0000 0.0000 0.0000 0.0000 0.0000 0.0000 0.0000 0.0000 0.0000 0.0000 0.0000 0.0000 0.0000 0.0009 0.2104 0.9936 0.9918 0.6962 0.5245 0.0000 0.0008 0.0000 0.0000 0.0000 0.0001 0.0558 0.0001 0.0010 0.0005 0.0005 0.0002 0.0043
0.0001 0.0000 0.0000 0.0390 0.0007 0.0000 0.0001 0.0144 0.0000 0.0000 0.0000 0.0000 0.0000 0.0000 0.0000 0.0000 0.0000 0.0000 0.0000 0.0000 0.0000 0.0000 0.0000 0.0000 0.0000 0.0000 0.0000 0.0000 0.0000 0.0000 0.0000 0.0000 0.3568 0.0784 0.0309 0.0107 0.0002 0.0000 0.0000 0.0000 0.0000 0.0000 0.0000 0.0000 0.0000 0.0000 0.0000 0.0006 0.0000 0.0000 0.0000 0.0500 0.0014 0.0000 0.0003 0.3138 0.0001 0.0010 0.0002 0.0099 0.0162 0.6391 0.9542 0.9910 0.1302 0.0016 0.0001 0.0000 0.0000 0.0000 0.0000 0.0000 0.0000 0.0388 0.0025 0.0001 0.0164 0.0005 0.0002 0.0062
0.0000 0.0000 0.0000 0.0007 0.0000 0.0000 0.0000 0.0000 0.0000 0.0000 0.0000 0.0000 0.0000 0.0000 0.0000 0.0000 0.0000 0.0000 0.0000 0.0000 0.0000 0.0000 0.0000 0.0000 0.0000 0.0000 0.0000 0.0000 0.0000 0.0000 0.0000 0.0000 0.0000 0.0726 0.0018 0.1394 0.0000 0.0000 0.0000 0.0000 0.0000 0.0000 0.0000 0.0000 0.0000 0.0000 0.0000 0.0000 0.0000 0.0000 0.0000 0.0000 0.0000 0.0000 0.0002 0.0000 0.0000 0.0000 0.0000 0.0061 0.0862 0.3958 0.8858 0.8230 0.0346 0.0000 0.0002 0.0000 0.0000 0.0001 0.0000 0.0001 0.0000 0.0011 0.0000 0.0001 0.0007 0.0003 0.0004 0.0004
0.0000 0.0000 0.0000 0.0001 0.0000 0.0000 0.0000 0.0000 0.0000 0.0000 0.0000 0.0000 0.0000 0.0000 0.0000 0.0000 0.0000 0.0000 0.0000 0.0000 0.0000 0.0000 0.0000 0.0000 0.0005 0.0000 0.0000 0.0000 0.0000 0.0000 0.0000 0.0000 0.0000 0.0000 0.0064 0.0042 0.0000 0.0000 0.0000 0.0000 0.0000 0.0000 0.0000 0.0000 0.0000 0.0000 0.0000 0.0000 0.0000 0.0000 0.0000 0.0000 0.0000 0.0000 0.0000 0.0001 0.0000 0.0000 0.0000 0.0208 0.0776 0.7013 0.3460 0.0491 0.0000 0.0000 0.0000 0.0000 0.0000 0.0000 0.0000 0.0000 0.0000 0.0002 0.0001 0.0004 0.0016 0.0002 0.0005 0.0010
0.0000 0.0000 0.0000 0.0000 0.0000 0.0000 0.0000 0.0000 0.0000 0.0000 0.0000 0.0000 0.0000 0.0000 0.0000 0.0000 0.0000 0.0000 0.0000 0.0000 0.0000 0.0000 0.0000 0.0000 0.0000 0.0036 0.0000 0.0000 0.0000 0.0000 0.0000 0.0000 0.0000 0.0000 0.0000 0.0050 0.0000 0.0000 0.0000 0.0000 0.0000 0.0000 0.0000 0.0000 0.0000 0.0000 0.0000 0.0000 0.0000 0.0000 0.0000 0.0000 0.0000 0.0000 0.0000 0.0000 0.0000 0.0000 0.0000 0.0034 0.0029 0.1774 0.0006 0.0000 0.0000 0.0000 0.0000 0.0000 0.0001 0.0001 0.0000 0.0000 0.0000 0.0000 0.0000 0.0000 0.0002 0.0001 0.0002 0.0005
0.0044 0.0000 0.0000 0.0002 0.0000 0.0000 0.0002 0.0000 0.0000 0.0001 0.0003 0.0000 0.0000 0.0000 0.0000 0.0000 0.0000 0.0000 0.0000 0.0000 0.0000 0.0000 0.0000 0.0000 0.0001 0.0078 0.5640 0.0000 0.0000 0.0000 0.0000 0.0000 0.0000 0.0000 0.0000 0.0000 0.0000 0.0000 0.0000 0.0000 0.0000 0.0000 0.0000 0.0000 0.0000 0.0000 0.0000 0.0000 0.0000 0.0000 0.0000 0.0000 0.0000 0.0000 0.0015 0.0000 0.0000 0.0000 0.0003 0.0093 0.0055 0.0065 0.0248 0.0025 0.0029 0.0006 0.0262 0.0034 0.0006 0.0045 0.0001 0.0001 0.0000 0.0001 0.0005 0.0002 0.0028 0.0003 0.0008 0.0008
0.0000 0.0000 0.0001 0.0000 0.0000 0.0000 0.0004 0.0000 0.0000 0.0000 0.0000 0.0001 0.0000 0.0000 0.0000 0.0000 0.0000 0.0000 0.0000 0.0000 0.0000 0.0000 0.0000 0.0001 0.0018 0.5704 0.5334 0.3568 0.0000 0.0000 0.0000 0.0000 0.0000 0.0000 0.0000 0.0000 0.0000 0.0023 0.0000 0.0000 0.0000 0.0000 0.0000 0.0000 0.0000 0.0000 0.0000 0.0008 0.0002 0.0000 0.0000 0.0003 0.0001 0.0000 0.0004 0.0000 0.0000 0.0000 0.0004 0.0001 0.0002 0.0115 0.0600 0.0070 0.0015 0.0000 0.0014 0.0002 0.0003 0.0007 0.0001 0.0001 0.0000 0.0002 0.0017 0.0000 0.0000 0.0000 0.0003 0.0000
0.0001 0.0000 0.0000 0.0005 0.0000 0.0000 0.0001 0.0000 0.0000 0.0000 0.0000 0.0001 0.0000 0.0000 0.0000 0.0000 0.0000 0.0000 0.0000 0.0001 0.0002 0.0001 0.0006 0.0028 0.1897 0.6549 0.9118 0.0784 0.0726 0.0000 0.0000 0.0000 0.0000 0.0000 0.0000 0.0000 0.0000 0.0000 0.0001 0.0000 0.0000 0.0000 0.0000 0.0000 0.0000 0.0000 0.0000 0.0000 0.0000 0.0000 0.0000 0.0000 0.0000 0.0000 0.0000 0.0000 0.0000 0.0000 0.0000 0.0003 0.0000 0.0021 0.0902 0.0004 0.0009 0.0001 0.0007 0.0004 0.0008 0.0014 0.0010 0.0004 0.0000 0.0000 0.0000 0.0000 0.0000 0.0000 0.0002 0.0001
0.0005 0.0000 0.0003 0.0116 0.0001 0.0000 0.0424 0.0738 0.0009 0.0000 0.0039 0.5903 0.0001 0.0000 0.0474 0.0010 0.0012 0.0000 0.0001 0.0023 0.0006 0.0010 0.0485 0.2896 0.5839 0.8154 0.6366 0.0309 0.0018 0.0064 0.0000 0.0000 0.0000 0.0000 0.0000 0.0000 0.0000 0.0000 0.0000 0.0006 0.0000 0.0000 0.0000 0.0000 0.0003 0.0000 0.0000 0.0009 0.0002 0.0000 0.0000 0.0001 0.0000 0.0000 0.0000 0.0001 0.0000 0.0000 0.0000 0.0000 0.0001 0.0041 0.0034 0.0094 0.0011 0.0443 0.0182 0.0042 0.0007 0.0001 0.0005 0.0000 0.0000 0.0000 0.0000 0.0000 0.0002 0.0001 0.0000 0.0000
0.0009 0.0000 0.0003 0.0038 0.0002 0.0000 0.0004 0.0011 0.0000 0.0000 0.0002 0.0047 0.0000 0.0000 0.0010 0.0000 0.0001 0.0001 0.0000 0.0005 0.0005 0.0035 0.7596 0.7634 0.6924 0.7560 0.2969 0.0107 0.1394 0.0042 0.0050 0.0000 0.0000 0.0000 0.0000 0.0000 0.0000 0.0000 0.0000 0.0000 0.0000 0.0000 0.0000 0.0010 0.0000 0.0000 0.0000 0.0005 0.0000 0.0000 0.0000 0.0000 0.0000 0.0000 0.0000 0.0000 0.0000 0.0000 0.0000 0.0000 0.0000 0.0010 0.0052 0.0013 0.0009 0.0025 0.0028 0.0008 0.0020 0.0003 0.0095 0.0071 0.0038 0.0002 0.0000 0.0000 0.0006 0.0001 0.0001 0.0000
0.0190 0.0000 0.0001 0.0271 0.0019 0.0001 0.0324 0.1835 0.0035 0.0006 0.1018 0.2429 0.0005 0.0005 0.8972 0.1226 0.0091 0.0007 0.0045 0.0489 0.0006 0.8615 0.9605 0.9615 0.3898 0.0137 0.0009 0.0002 0.0000 0.0000 0.0000 0.0000 0.0000 0.0000 0.0000 0.0000 0.0000 0.0000 0.0000 0.0000 0.0000 0.0002 0.0000 0.0007 0.5272 0.0002 0.0000 0.0532 0.0005 0.0000 0.0000 0.0002 0.0000 0.0000 0.0000 0.0000 0.0000 0.0000 0.0000 0.0000 0.0000 0.0000 0.0000 0.0001 0.0000 0.0126 0.0021 0.0008 0.0000 0.0000 0.0000 0.0001 0.0004 0.0002 0.0005 0.0003 0.0008 0.0000 0.0000 0.0000
0.0000 0.0000 0.0000 0.0027 0.0001 0.0000 0.0064 0.0007 0.0001 0.0000 0.0000 0.0005 0.0000 0.0000 0.0008 0.0003 0.0001 0.0020 0.0002 0.0491 0.0181 0.5092 0.9817 0.5840 0.5946 0.0003 0.0000 0.0000 0.0000 0.0000 0.0000 0.0000 0.0023 0.0000 0.0000 0.0000 0.0000 0.0000 0.0000 0.0000 0.0000 0.0000 0.0002 0.0000 0.0001 0.0000 0.0000 0.0000 0.0000 0.0000 0.0000 0.0000 0.0000 0.0000 0.0000 0.0000 0.0000 0.0000 0.0000 0.0000 0.0000 0.0000 0.0025 0.0001 0.0071 0.0124 0.0012 0.0037 0.0009 0.0001 0.0019 0.0189 0.0903 0.0129 0.0038 0.0002 0.0012 0.0000 0.0000 0.0001
0.0001 0.0000 0.0069 0.0032 0.0000 0.0000 0.0006 0.0000 0.0001 0.0001 0.0001 0.0002 0.0000 0.0000 0.0014 0.0003 0.0000 0.0003 0.0162 0.1953 0.8816 0.9246 0.8007 0.0000 0.0024 0.0000 0.0000 0.0000 0.0000 0.0000 0.0000 0.0000 0.0000 0.0001 0.0000 0.0000 0.0000 0.0000 0.0000 0.0000 0.0000 0.0000 0.0000 0.0041 0.0000 0.0000 0.0000 0.0001 0.0000 0.0000 0.0000 0.0000 0.0000 0.0000 0.0000 0.0000 0.0000 0.0000 0.0000 0.0000 0.0000 0.0001 0.0005 0.0002 0.0000 0.0019 0.0030 0.0074 0.0029 0.0001 0.0001 0.0006 0.0003 0.0037 0.0018 0.0020 0.0080 0.0003 0.0002 0.0003
0.0005 0.0000 0.0004 0.0252 0.0000 0.0000 0.0029 0.0047 0.0000 0.0000 0.0036 0.0038 0.0000 0.0001 0.0248 0.0075 0.0001 0.0007 0.0226 0.0337 0.8804 0.9696 0.9867 0.0031 0.0007 0.0000 0.0000 0.0000 0.0000 0.0000 0.0000 0.0000 0.0000 0.0000 0.0006 0.0000 0.0000 0.0000 0.0000 0.0000 0.0000 0.0000 0.0000 0.0000 0.9940 0.0001 0.0001 0.9848 0.0000 0.0000 0.0000 0.0000 0.0000 0.0000 0.0000 0.0000 0.0000 0.0000 0.0000 0.0000 0.0000 0.0000 0.0000 0.0000 0.0008 0.0006 0.0013 0.0048 0.0000 0.0000 0.0000 0.0000 0.0000 0.0038 0.0030 0.0002 0.0181 0.0002 0.0000 0.0000
0.0000 0.0000 0.0000 0.0000 0.0000 0.0000 0.0000 0.0000 0.0000 0.0000 0.0000 0.0000 0.0000 0.0000 0.0000 0.0000 0.0000 0.0004 0.0025 0.0012 0.0328 0.0009 0.0002 0.0000 0.0000 0.0000 0.0000 0.0000 0.0000 0.0000 0.0000 0.0000 0.0000 0.0000 0.0000 0.0000 0.0000 0.0000 0.0000 0.0000 0.0000 0.0000 0.0000 0.0000 0.0000 0.0005 0.0001 0.0001 0.0000 0.0000 0.0001 0.0000 0.0000 0.0000 0.0000 0.0000 0.0000 0.0000 0.0000 0.0000 0.0000 0.0000 0.0000 0.0000 0.0002 0.0001 0.0000 0.0006 0.0000 0.0001 0.0000 0.0021 0.0001 0.0003 0.0001 0.0004 0.0016 0.0002 0.0010 0.0002
0.0001 0.0000 0.0000 0.0000 0.0000 0.0000 0.0003 0.0000 0.0001 0.0000 0.0000 0.0085 0.0002 0.0001 0.0000 0.2906 0.0221 0.0000 0.0570 0.0077 0.0046 0.0003 0.0006 0.0000 0.0000 0.0000 0.0000 0.0000 0.0000 0.0000 0.0000 0.0000 0.0000 0.0000 0.0000 0.0000 0.0002 0.0000 0.0000 0.0000 0.0000 0.0000 0.0000 0.0000 0.0000 0.0000 0.0000 0.0000 0.0000 0.0000 0.0000 0.0000 0.0000 0.0000 0.0000 0.0000 0.0000 0.0000 0.0000 0.0000 0.0000 0.0000 0.0000 0.0002 0.0001 0.0340 0.0009 0.0925 0.0011 0.0023 0.0001 0.0011 0.0020 0.0001 0.0007 0.0002 0.0025 0.0003 0.0014 0.0002
0.0000 0.0000 0.0000 0.0000 0.0000 0.0000 0.0000 0.0000 0.0000 0.0000 0.0000 0.0000 0.0000 0.0000 0.0000 0.0000 0.0000 0.0000 0.0000 0.0000 0.0000 0.0000 0.0000 0.0000 0.0000 0.0000 0.0000 0.0000 0.0000 0.0000 0.0000 0.0000 0.0000 0.0000 0.0000 0.0000 0.0000 0.0002 0.0000 0.0000 0.0000 0.0000 0.0000 0.0000 0.0000 0.0000 0.0000 0.0000 0.0000 0.0000 0.0000 0.0000 0.0000 0.0000 0.0000 0.0000 0.0000 0.0000 0.0000 0.0000 0.0000 0.0000 0.0000 0.0000 0.0000 0.0000 0.0000 0.0000 0.0000 0.0000 0.0000 0.0000 0.0000 0.0000 0.0000 0.0000 0.0000 0.0001 0.0002 0.0000
0.0002 0.0000 0.0000 0.0000 0.0000 0.0000 0.0000 0.0000 0.0000 0.0000 0.0001 0.0008 0.0000 0.0000 0.0002 0.0004 0.0000 0.0000 0.0008 0.0002 0.0029 0.0001 0.0310 0.0000 0.0000 0.0000 0.0000 0.0000 0.0000 0.0000 0.0000 0.0000 0.0000 0.0000 0.0000 0.0010 0.0007 0.0000 0.0041 0.0000 0.0000 0.0000 0.0000 0.0000 0.0000 0.0000 0.0000 0.0000 0.0000 0.0000 0.0000 0.0000 0.0000 0.0000 0.0000 0.0000 0.0000 0.0000 0.0000 0.0000 0.0000 0.0000 0.0000 0.0000 0.0000 0.0000 0.0000 0.0000 0.0000 0.0000 0.0000 0.0001 0.0000 0.0001 0.0000 0.0000 0.0027 0.0040 0.0016 0.0045
0.0000 0.0000 0.0000 0.0001 0.0000 0.0000 0.0020 0.0165 0.0103 0.0012 0.0321 0.4302 0.0000 0.0000 0.5210 0.7411 0.0023 0.0002 0.3253 0.0494 0.1673 0.1251 0.3335 0.0036 0.0423 0.0000 0.0000 0.0000 0.0000 0.0000 0.0000 0.0000 0.0000 0.0000 0.0003 0.0000 0.5272 0.0001 0.0000 0.9940 0.0000 0.0000 0.0000 0.0000 0.0000 0.0000 0.0000 0.0000 0.0000 0.0001 0.0000 0.0000 0.0000 0.0000 0.0000 0.0000 0.0000 0.0000 0.0000 0.0000 0.0000 0.0001 0.0000 0.0002 0.0000 0.0133 0.0034 0.8410 0.0133 0.0079 0.0087 0.0039 0.0026 0.0614 0.0006 0.0001 0.0051 0.0001 0.0002 0.0001
0.0000 0.0000 0.0000 0.0002 0.0003 0.0000 0.0001 0.0013 0.0037 0.0149 0.0139 0.6828 0.0035 0.0000 0.0026 0.0834 0.0002 0.0001 0.0020 0.0011 0.0013 0.0000 0.0000 0.0000 0.0000 0.0000 0.0000 0.0000 0.0000 0.0000 0.0000 0.0000 0.0000 0.0000 0.0000 0.0000 0.0002 0.0000 0.0000 0.0001 0.0005 0.0000 0.0000 0.0000 0.0000 0.0000 0.0000 0.0000 0.0000 0.0000 0.0001 0.0000 0.0000 0.0000 0.0000 0.0000 0.0004 0.0000 0.0000 0.0000 0.0001 0.0001 0.0001 0.0001 0.0000 0.0156 0.0001 0.5357 0.0026 0.0000 0.0001 0.0001 0.0000 0.0000 0.0000 0.0000 0.0000 0.0000 0.0000 0.0000
0.0000 0.0000 0.0000 0.0000 0.0000 0.0000 0.0000 0.0000 0.0000 0.0000 0.0000 0.0000 0.0000 0.0000 0.0000 0.0000 0.0000 0.0000 0.0006 0.0000 0.0000 0.0000 0.0000 0.0000 0.0000 0.0000 0.0000 0.0000 0.0000 0.0000 0.0000 0.0000 0.0000 0.0000 0.0000 0.0000 0.0000 0.0000 0.0000 0.0001 0.0001 0.0000 0.0000 0.0000 0.0000 0.0000 0.0000 0.0000 0.0000 0.0000 0.0000 0.0000 0.0000 0.0000 0.0000 0.0000 0.0000 0.0000 0.0000 0.0000 0.0000 0.0002 0.0000 0.0000 0.0000 0.0000 0.0000 0.0001 0.0000 0.0000 0.0000 0.0000 0.0000 0.0000 0.0000 0.0001 0.0002 0.0001 0.0011 0.0000
0.0000 0.0001 0.0000 0.0002 0.0001 0.0000 0.0000 0.0077 0.0000 0.0000 0.0127 0.1119 0.0000 0.0001 0.2968 0.0041 0.0005 0.0006 0.0015 0.0018 0.0029 0.0405 0.0001 0.0067 0.0001 0.0139 0.0000 0.0006 0.0000 0.0000 0.0000 0.0000 0.0008 0.0000 0.0009 0.0005 0.0532 0.0000 0.0001 0.9848 0.0001 0.0000 0.0000 0.0000 0.0000 0.0000 0.0000 0.0000 0.0000 0.0000 0.0000 0.0000 0.0000 0.0000 0.0000 0.0001 0.0000 0.0000 0.0000 0.0000 0.0000 0.0000 0.0000 0.0000 0.0000 0.0136 0.0002 0.0594 0.0005 0.0001 0.0000 0.0002 0.0000 0.0003 0.0002 0.0004 0.0092 0.0018 0.0017 0.0000
0.0000 0.0000 0.0000 0.0001 0.0005 0.0000 0.0002 0.0812 0.0031 0.0046 0.9213 0.9555 0.0022 0.0009 0.8111 0.2488 0.0066 0.0026 0.0186 0.0048 0.0021 0.5155 0.0003 0.3794 0.0006 0.0298 0.0000 0.0000 0.0000 0.0000 0.0000 0.0000 0.0002 0.0000 0.0002 0.0000 0.0005 0.0000 0.0000 0.0000 0.0000 0.0000 0.0000 0.0000 0.0000 0.0000 0.0000 0.0000 0.0000 0.0000 0.0000 0.0000 0.0000 0.0000 0.0000 0.0000 0.0002 0.0001 0.0000 0.0000 0.0000 0.0000 0.0060 0.9684 0.0637 0.9295 0.1681 0.7031 0.0004 0.0002 0.0000 0.0000 0.0000 0.0002 0.0000 0.0019 0.0020 0.0002 0.0001 0.0000
0.0000 0.0000 0.0000 0.0000 0.0000 0.0000 0.0000 0.0000 0.0003 0.0002 0.0004 0.0069 0.0000 0.0000 0.0006 0.0025 0.0000 0.0000 0.0000 0.0000 0.0000 0.0000 0.0000 0.0000 0.0000 0.0000 0.0000 0.0000 0.0000 0.0000 0.0000 0.0000 0.0000 0.0000 0.0000 0.0000 0.0000 0.0000 0.0000 0.0000 0.0000 0.0000 0.0000 0.0000 0.0001 0.0000 0.0000 0.0000 0.0000 0.0000 0.0000 0.0000 0.0000 0.0000 0.0000 0.0000 0.0000 0.0001 0.0000 0.0000 0.0000 0.0002 0.0022 0.0785 0.0015 0.8460 0.0009 0.0232 0.0000 0.0000 0.0000 0.0000 0.0000 0.0000 0.0000 0.0000 0.0027 0.0000 0.0001 0.0000
0.0000 0.0000 0.0000 0.0000 0.0000 0.0000 0.0000 0.0000 0.0000 0.0000 0.0074 0.0008 0.0000 0.0004 0.0127 0.0012 0.0000 0.0022 0.0093 0.0001 0.0000 0.0000 0.0000 0.0000 0.0000 0.0000 0.0000 0.0000 0.0000 0.0000 0.0000 0.0000 0.0000 0.0000 0.0000 0.0000 0.0000 0.0000 0.0000 0.0000 0.0001 0.0000 0.0000 0.0000 0.0000 0.0001 0.0000 0.0000 0.0000 0.0000 0.0000 0.0000 0.0000 0.0000 0.0000 0.0000 0.0001 0.0000 0.0000 0.0000 0.0000 0.0000 0.0000 0.0000 0.0000 0.0003 0.0001 0.0000 0.0000 0.0000 0.0000 0.0000 0.0000 0.0000 0.0000 0.0006 0.0003 0.0000 0.0003 0.0000
0.0000 0.0000 0.0000 0.0001 0.0000 0.0000 0.0455 0.3566 0.0007 0.0008 0.9646 0.3981 0.0000 0.0539 0.3323 0.0054 0.0001 0.0165 0.0021 0.0003 0.0001 0.0076 0.0000 0.2045 0.0000 0.0777 0.0000 0.0500 0.0000 0.0000 0.0000 0.0000 0.0003 0.0000 0.0001 0.0000 0.0002 0.0000 0.0000 0.0000 0.0000 0.0000 0.0000 0.0000 0.0000 0.0000 0.0000 0.0000 0.0000 0.0000 0.0000 0.0000 0.0000 0.0000 0.0000 0.0000 0.0003 0.0001 0.0000 0.0007 0.0001 0.0009 0.0801 0.9739 0.0003 0.3694 0.0007 0.0005 0.0000 0.0000 0.0000 0.0000 0.0000 0.0000 0.0002 0.0017 0.0004 0.0000 0.0000 0.0000
0.0000 0.0000 0.0000 0.0000 0.0002 0.0000 0.0000 0.0001 0.0000 0.0000 0.0146 0.0003 0.0000 0.0045 0.0050 0.0222 0.0003 0.0010 0.0017 0.0009 0.0000 0.0017 0.0000 0.0030 0.0000 0.0017 0.0000 0.0014 0.0000 0.0000 0.0000 0.0000 0.0001 0.0000 0.0000 0.0000 0.0000 0.0000 0.0000 0.0000 0.0000 0.0000 0.0000 0.0000 0.0000 0.0000 0.0000 0.0000 0.0000 0.0000 0.0000 0.0000 0.0000 0.0000 0.0000 0.0000 0.0000 0.0138 0.0003 0.0013 0.0003 0.0426 0.5556 0.9548 0.0470 0.1239 0.0005 0.0000 0.0000 0.0000 0.0000 0.0000 0.0000 0.0000 0.0000 0.0000 0.0005 0.0000 0.0000 0.0000
0.0000 0.0000 0.0000 0.0000 0.0000 0.0000 0.0000 0.0000 0.0000 0.0000 0.0001 0.0001 0.0000 0.0002 0.0001 0.0005 0.0000 0.0002 0.0000 0.0000 0.0000 0.0000 0.0000 0.0000 0.0000 0.0000 0.0000 0.0000 0.0000 0.0000 0.0000 0.0000 0.0000 0.0000 0.0000 0.0000 0.0000 0.0000 0.0000 0.0000 0.0000 0.0000 0.0000 0.0000 0.0000 0.0000 0.0000 0.0000 0.0000 0.0000 0.0000 0.0000 0.0000 0.0000 0.0000 0.0000 0.0000 0.0000 0.0184 0.0537 0.0476 0.0067 0.0064 0.0041 0.0000 0.0000 0.0000 0.0000 0.0000 0.0000 0.0000 0.0000 0.0000 0.0000 0.0000 0.0000 0.0000 0.0000 0.0000 0.0000
0.0000 0.0000 0.0001 0.0001 0.0000 0.0000 0.0004 0.0006 0.0000 0.0075 0.5278 0.0001 0.0000 0.1602 0.0145 0.0154 0.0004 0.0019 0.0003 0.0004 0.0001 0.0000 0.0000 0.0000 0.0000 0.0004 0.0000 0.0003 0.0002 0.0000 0.0000 0.0015 0.0004 0.0000 0.0000 0.0000 0.0000 0.0000 0.0000 0.0000 0.0000 0.0000 0.0000 0.0000 0.0000 0.0000 0.0000 0.0000 0.0000 0.0000 0.0000 0.0000 0.0000 0.0000 0.0000 0.0000 0.0000 0.0000 0.0000 0.2308 0.0859 0.0376 0.0018 0.0635 0.0001 0.0000 0.0000 0.0000 0.0000 0.0000 0.0000 0.0000 0.0003 0.0000 0.0000 0.0000 0.0000 0.0000 0.0000 0.0000
0.0000 0.0000 0.0000 0.0017 0.0000 0.0000 0.0318 0.0007 0.0000 0.0002 0.3550 0.0001 0.0000 0.0190 0.0004 0.0005 0.0000 0.0001 0.0000 0.0000 0.0000 0.0016 0.0001 0.0059 0.0000 0.0719 0.0000 0.3138 0.0000 0.0001 0.0000 0.0000 0.0000 0.0000 0.0001 0.0000 0.0000 0.0000 0.0000 0.0000 0.0000 0.0000 0.0000 0.0000 0.0000 0.0000 0.0000 0.0001 0.0000 0.0000 0.0000 0.0000 0.0000 0.0000 0.0000 0.0000 0.0000 0.0000 0.0000 0.0000 0.7421 0.6710 0.5186 0.9221 0.0034 0.0001 0.0000 0.0000 0.0000 0.0000 0.0000 0.0000 0.0001 0.0000 0.0000 0.0000 0.0005 0.0000 0.0000 0.0000
0.0001 0.0000 0.0000 0.0000 0.0000 0.0000 0.0000 0.0000 0.0000 0.0000 0.0000 0.0000 0.0000 0.0000 0.0000 0.0000 0.0000 0.0000 0.0000 0.0000 0.0000 0.0000 0.0000 0.0000 0.0000 0.0000 0.0000 0.0001 0.0000 0.0000 0.0000 0.0000 0.0000 0.0000 0.0000 0.0000 0.0000 0.0000 0.0000 0.0000 0.0000 0.0000 0.0000 0.0000 0.0000 0.0004 0.0000 0.0000 0.0002 0.0000 0.0001 0.0003 0.0000 0.0000 0.0000 0.0000 0.0000 0.0000 0.0000 0.0000 0.0000 0.8865 0.0263 0.0183 0.0001 0.0000 0.0000 0.0000 0.0000 0.0000 0.0000 0.0000 0.0000 0.0000 0.0000 0.0000 0.0000 0.0000 0.0000 0.0000
0.0000 0.0000 0.0000 0.0000 0.0000 0.0000 0.0000 0.0000 0.0000 0.0000 0.0000 0.0000 0.0000 0.0000 0.0000 0.0000 0.0000 0.0000 0.0000 0.0000 0.0000 0.0000 0.0001 0.0001 0.0000 0.0001 0.0000 0.0010 0.0000 0.0000 0.0000 0.0000 0.0000 0.0000 0.0000 0.0000 0.0000 0.0000 0.0000 0.0000 0.0000 0.0000 0.0000 0.0000 0.0000 0.0000 0.0000 0.0000 0.0001 0.0001 0.0000 0.0001 0.0138 0.0000 0.0000 0.0000 0.0000 0.0000 0.0000 0.0000 0.0000 0.0000 0.0094 0.0031 0.0000 0.0000 0.0000 0.0000 0.0000 0.0000 0.0000 0.0000 0.0000 0.0000 0.0000 0.0000 0.0001 0.0000 0.0000 0.0000
0.0000 0.0000 0.0000 0.0117 0.0000 0.0000 0.0026 0.0000 0.0000 0.0000 0.0001 0.0000 0.0000 0.0000 0.0001 0.0000 0.0000 0.0000 0.0000 0.0000 0.0000 0.0000 0.0000 0.0000 0.0000 0.0000 0.0000 0.0002 0.0000 0.0000 0.0000 0.0003 0.0004 0.0000 0.0000 0.0000 0.0000 0.0000 0.0000 0.0000 0.0000 0.0000 0.0000 0.0000 0.0000 0.0000 0.0000 0.0000 0.0000 0.0000 0.0000 0.0000 0.0003 0.0184 0.0000 0.0000 0.0000 0.0000 0.0000 0.0000 0.0000 0.0000 0.0000 0.0035 0.0001 0.0000 0.0000 0.0000 0.0000 0.0000 0.0000 0.0000 0.0000 0.0000 0.0000 0.0000 0.0000 0.0000 0.0001 0.0001
0.0000 0.0000 0.0000 0.0036 0.0000 0.0000 0.0004 0.0000 0.0000 0.0000 0.0000 0.0000 0.0000 0.0000 0.0000 0.0000 0.0000 0.0000 0.0000 0.0000 0.0000 0.0000 0.0000 0.0000 0.0000 0.0001 0.0000 0.0099 0.0061 0.0208 0.0034 0.0093 0.0001 0.0003 0.0000 0.0000 0.0000 0.0000 0.0000 0.0000 0.0000 0.0000 0.0000 0.0000 0.0000 0.0000 0.0000 0.0000 0.0000 0.0000 0.0000 0.0007 0.0013 0.0537 0.2308 0.0000 0.0000 0.0000 0.0000 0.0000 0.0000 0.0000 0.0000 0.0000 0.0006 0.0000 0.0000 0.0000 0.0000 0.0000 0.0000 0.0000 0.0000 0.0000 0.0000 0.0000 0.0009 0.0000 0.0000 0.0000
0.0000 0.0000 0.0000 0.0038 0.0000 0.0000 0.0001 0.0000 0.0000 0.0000 0.0000 0.0000 0.0000 0.0000 0.0000 0.0000 0.0000 0.0000 0.0000 0.0000 0.0000 0.0000 0.0000 0.0000 0.0000 0.0000 0.0000 0.0162 0.0862 0.0776 0.0029 0.0055 0.0002 0.0000 0.0001 0.0000 0.0000 0.0000 0.0000 0.0000 0.0000 0.0000 0.0000 0.0000 0.0000 0.0001 0.0000 0.0000 0.0000 0.0000 0.0000 0.0001 0.0003 0.0476 0.0859 0.7421 0.0000 0.0000 0.0000 0.0000 0.0000 0.0000 0.0000 0.0000 0.0000 0.0000 0.0000 0.0004 0.0001 0.0000 0.0000 0.0000 0.0000 0.0000 0.0000 0.0000 0.0001 0.0000 0.0000 0.0001
0.0000 0.0000 0.0000 0.0021 0.0000 0.0000 0.0002 0.0000 0.0000 0.0000 0.0000 0.0000 0.0000 0.0000 0.0000 0.0000 0.0000 0.0000 0.0000 0.0000 0.0000 0.0000 0.0000 0.0000 0.0000 0.0000 0.0009 0.6391 0.3958 0.7013 0.1774 0.0065 0.0115 0.0021 0.0041 0.0010 0.0000 0.0000 0.0001 0.0000 0.0000 0.0000 0.0000 0.0000 0.0001 0.0001 0.0002 0.0000 0.0000 0.0002 0.0000 0.0009 0.0426 0.0067 0.0376 0.6710 0.8865 0.0000 0.0000 0.0000 0.0000 0.0000 0.0000 0.0000 0.0000 0.0000 0.0023 0.0001 0.0000 0.0000 0.0000 0.0000 0.0000 0.0000 0.0000 0.0000 0.0004 0.0009 0.0003 0.0006
0.0001 0.0000 0.0000 0.0002 0.0000 0.0000 0.0000 0.0000 0.0000 0.0000 0.0000 0.0000 0.0000 0.0000 0.0000 0.0000 0.0000 0.0000 0.0000 0.0000 0.0000 0.0000 0.0000 0.0000 0.0003 0.0000 0.2104 0.9542 0.8858 0.3460 0.0006 0.0248 0.0600 0.0902 0.0034 0.0052 0.0000 0.0025 0.0005 0.0000 0.0000 0.0000 0.0000 0.0000 0.0000 0.0001 0.0000 0.0000 0.0060 0.0022 0.0000 0.0801 0.5556 0.0064 0.0018 0.5186 0.0263 0.0094 0.0000 0.0000 0.0000 0.0000 0.0000 0.0000 0.0000 0.0000 0.0000 0.0004 0.0000 0.0000 0.0000 0.0000 0.0000 0.0000 0.0000 0.0002 0.0507 0.0902 0.0119 0.0101
0.0001 0.0000 0.0002 0.0052 0.0001 0.0000 0.0011 0.0004 0.0000 0.0000 0.0000 0.0001 0.0000 0.0000 0.0000 0.0000 0.0000 0.0000 0.0000 0.0000 0.0000 0.0000 0.0009 0.0004 0.0001 0.9809 0.9936 0.9910 0.8230 0.0491 0.0000 0.0025 0.0070 0.0004 0.0094 0.0013 0.0001 0.0001 0.0002 0.0000 0.0000 0.0002 0.0000 0.0000 0.0002 0.0001 0.0000 0.0000 0.9684 0.0785 0.0000 0.9739 0.9548 0.0041 0.0635 0.9221 0.0183 0.0031 0.0035 0.0000 0.0000 0.0000 0.0000 0.0000 0.0000 0.0000 0.0000 0.0000 0.0000 0.0000 0.0000 0.0001 0.0000 0.0000 0.0006 0.0003 0.5932 0.0111 0.0091 0.0305
0.0000 0.0000 0.0000 0.0007 0.0000 0.0001 0.0000 0.0001 0.0000 0.0000 0.0000 0.0004 0.0000 0.0000 0.0000 0.0000 0.0000 0.0000 0.0000 0.0000 0.0000 0.0000 0.0000 0.0000 0.1061 0.9851 0.9918 0.1302 0.0346 0.0000 0.0000 0.0029 0.0015 0.0009 0.0011 0.0009 0.0000 0.0071 0.0000 0.0008 0.0002 0.0001 0.0000 0.0000 0.0000 0.0000 0.0000 0.0000 0.0637 0.0015 0.0000 0.0003 0.0470 0.0000 0.0001 0.0034 0.0001 0.0000 0.0001 0.0006 0.0000 0.0000 0.0000 0.0000 0.0000 0.0000 0.0000 0.0000 0.0000 0.0017 0.0000 0.0000 0.0000 0.0003 0.0011 0.0521 0.5985 0.1448 0.0851 0.0493
0.0001 0.0000 0.0004 0.0240 0.0003 0.0000 0.0020 0.0757 0.0002 0.0000 0.0212 0.1180 0.0003 0.0001 0.0100 0.0004 0.0000 0.0000 0.0000 0.0000 0.0000 0.0001 0.0003 0.9778 0.9988 0.9999 0.6962 0.0016 0.0000 0.0000 0.0000 0.0006 0.0000 0.0001 0.0443 0.0025 0.0126 0.0124 0.0019 0.0006 0.0001 0.0340 0.0000 0.0000 0.0133 0.0156 0.0000 0.0136 0.9295 0.8460 0.0003 0.3694 0.1239 0.0000 0.0000 0.0001 0.0000 0.0000 0.0000 0.0000 0.0000 0.0000 0.0000 0.0000 0.0000 0.0000 0.0000 0.0000 0.0000 0.0000 0.0043 0.0002 0.0000 0.0049 0.2080 0.1769 0.9226 0.0003 0.0002 0.0026
0.0001 0.0000 0.0000 0.0001 0.0000 0.0000 0.0000 0.0000 0.0000 0.0000 0.0010 0.0372 0.0000 0.0003 0.0018 0.0005 0.0000 0.0000 0.0000 0.0000 0.0000 0.0000 0.0111 0.9960 0.9990 0.4892 0.5245 0.0001 0.0002 0.0000 0.0000 0.0262 0.0014 0.0007 0.0182 0.0028 0.0021 0.0012 0.0030 0.0013 0.0000 0.0009 0.0000 0.0000 0.0034 0.0001 0.0000 0.0002 0.1681 0.0009 0.0001 0.0007 0.0005 0.0000 0.0000 0.0000 0.0000 0.0000 0.0000 0.0000 0.0000 0.0023 0.0000 0.0000 0.0000 0.0000 0.0000 0.0000 0.0000 0.0000 0.0000 0.0042 0.0007 0.7816 0.6710 0.8117 0.8059 0.0059 0.0074 0.0063
0.0009 0.0002 0.0001 0.0035 0.0000 0.0000 0.0000 0.0091 0.0014 0.0000 0.0093 0.3943 0.0137 0.0051 0.1024 0.0117 0.0002 0.0001 0.0013 0.0000 0.0000 0.9908 0.9977 1.0000 0.8097 0.0000 0.0000 0.0000 0.0000 0.0000 0.0000 0.0034 0.0002 0.0004 0.0042 0.0008 0.0008 0.0037 0.0074 0.0048 0.0006 0.0925 0.0000 0.0000 0.8410 0.5357 0.0001 0.0594 0.7031 0.0232 0.0000 0.0005 0.0000 0.0000 0.0000 0.0000 0.0000 0.0000 0.0000 0.0000 0.0004 0.0001 0.0004 0.0000 0.0000 0.0000 0.0000 0.0000 0.0000 0.0000 0.0000 0.0000 0.4383 0.6736 0.9195 0.4571 0.3453 0.0008 0.0001 0.0001
0.0000 0.0000 0.0000 0.0000 0.0000 0.0000 0.0000 0.0000 0.0000 0.0000 0.0001 0.0002 0.0000 0.0000 0.0001 0.0016 0.0001 0.0005 0.0001 0.0000 0.0132 0.9768 0.9999 0.5166 0.5445 0.0000 0.0008 0.0000 0.0000 0.0000 0.0001 0.0006 0.0003 0.0008 0.0007 0.0020 0.0000 0.0009 0.0029 0.0000 0.0000 0.0011 0.0000 0.0000 0.0133 0.0026 0.0000 0.0005 0.0004 0.0000 0.0000 0.0000 0.0000 0.0000 0.0000 0.0000 0.0000 0.0000 0.0000 0.0000 0.0001 0.0000 0.0000 0.0000 0.0000 0.0000 0.0000 0.0000 0.0000 0.0000 0.0000 0.0000 0.0000 0.8689 0.8914 0.5494 0.0020 0.0000 0.0000 0.0000
0.0000 0.0000 0.0000 0.0003 0.0000 0.0000 0.0000 0.0000 0.0000 0.0000 0.0010 0.0013 0.0002 0.0010 0.0462 0.0024 0.0004 0.0036 0.0129 0.0406 0.9739 0.9931 0.5501 0.0000 0.0001 0.0000 0.0000 0.0000 0.0001 0.0000 0.0001 0.0045 0.0007 0.0014 0.0001 0.0003 0.0000 0.0001 0.0001 0.0000 0.0001 0.0023 0.0000 0.0000 0.0079 0.0000 0.0000 0.0001 0.0002 0.0000 0.0000 0.0000 0.0000 0.0000 0.0000 0.0000 0.0000 0.0000 0.0000 0.0000 0.0000 0.0000 0.0000 0.0000 0.0017 0.0000 0.0000 0.0000 0.0000 0.0000 0.0000 0.0000 0.0000 0.0000 0.6370 0.0840 0.0008 0.0000 0.0000 0.0000
0.0000 0.0000 0.0000 0.0005 0.0000 0.0000 0.0000 0.0000 0.0000 0.0000 0.0031 0.0005 0.0000 0.0000 0.0015 0.0023 0.0000 0.0002 0.0109 0.0835 0.4868 0.0463 0.1686 0.0000 0.0000 0.0000 0.0000 0.0000 0.0000 0.0000 0.0000 0.0001 0.0001 0.0010 0.0005 0.0095 0.0000 0.0019 0.0001 0.0000 0.0000 0.0001 0.0000 0.0000 0.0087 0.0001 0.0000 0.0000 0.0000 0.0000 0.0000 0.0000 0.0000 0.0000 0.0000 0.0000 0.0000 0.0000 0.0000 0.0000 0.0000 0.0000 0.0000 0.0000 0.0000 0.0043 0.0000 0.0000 0.0000 0.0000 0.0000 0.0000 0.0000 0.0000 0.0000 0.0208 0.0000 0.0000 0.0001 0.0000
0.0000 0.0000 0.0000 0.0000 0.0000 0.0000 0.0000 0.0000 0.0000 0.0000 0.0000 0.0001 0.0000 0.0000 0.0001 0.0015 0.0002 0.0008 0.0060 0.1289 0.5134 0.0228 0.8608 0.0004 0.0071 0.0000 0.0000 0.0000 0.0001 0.0000 0.0000 0.0001 0.0001 0.0004 0.0000 0.0071 0.0001 0.0189 0.0006 0.0000 0.0021 0.0011 0.0000 0.0001 0.0039 0.0001 0.0000 0.0002 0.0000 0.0000 0.0000 0.0000 0.0000 0.0000 0.0000 0.0000 0.0000 0.0000 0.0000 0.0000 0.0000 0.0000 0.0000 0.0001 0.0000 0.0002 0.0042 0.0000 0.0000 0.0000 0.0000 0.0000 0.0000 0.0000 0.0000 0.0000 0.0087 0.0000 0.0000 0.0000
0.0000 0.0000 0.0000 0.0000 0.0000 0.0000 0.0000 0.0000 0.0000 0.0000 0.0002 0.0001 0.0003 0.0001 0.0004 0.0004 0.0001 0.0000 0.0046 0.0005 0.0001 0.0001 0.0052 0.0004 0.0028 0.0000 0.0001 0.0000 0.0000 0.0000 0.0000 0.0000 0.0000 0.0000 0.0000 0.0038 0.0004 0.0903 0.0003 0.0000 0.0001 0.0020 0.0000 0.0000 0.0026 0.0000 0.0000 0.0000 0.0000 0.0000 0.0000 0.0000 0.0000 0.0000 0.0003 0.0001 0.0000 0.0000 0.0000 0.0000 0.0000 0.0000 0.0000 0.0000 0.0000 0.0000 0.0007 0.4383 0.0000 0.0000 0.0000 0.0000 0.0000 0.0000 0.0000 0.0000 0.0000 0.0003 0.0001 0.0001
0.0002 0.0000 0.0000 0.0004 0.0000 0.0000 0.0000 0.0000 0.0000 0.0000 0.0000 0.0000 0.0000 0.0000 0.0002 0.0001 0.0000 0.0000 0.0002 0.0000 0.0017 0.0001 0.0006 0.0612 0.0439 0.0000 0.0558 0.0388 0.0011 0.0002 0.0000 0.0001 0.0002 0.0000 0.0000 0.0002 0.0002 0.0129 0.0037 0.0038 0.0003 0.0001 0.0000 0.0001 0.0614 0.0000 0.0000 0.0003 0.0002 0.0000 0.0000 0.0000 0.0000 0.0000 0.0000 0.0000 0.0000 0.0000 0.0000 0.0000 0.0000 0.0000 0.0000 0.0000 0.0003 0.0049 0.7816 0.6736 0.8689 0.0000 0.0000 0.0000 0.0000 0.0000 0.0000 0.0000 0.0000 0.0000 0.0045 0.0027
0.0004 0.0000 0.0000 0.0088 0.0001 0.0000 0.0001 0.0008 0.0001 0.0002 0.0009 0.0020 0.0013 0.0019 0.0317 0.0002 0.0000 0.0000 0.0067 0.0141 0.0520 0.1577 0.0490 0.0004 0.0003 0.0002 0.0001 0.0025 0.0000 0.0001 0.0000 0.0005 0.0017 0.0000 0.0000 0.0000 0.0005 0.0038 0.0018 0.0030 0.0001 0.0007 0.0000 0.0000 0.0006 0.0000 0.0000 0.0002 0.0000 0.0000 0.0000 0.0002 0.0000 0.0000 0.0000 0.0000 0.0000 0.0000 0.0000 0.0000 0.0000 0.0000 0.0000 0.0006 0.0011 0.2080 0.6710 0.9195 0.8914 0.6370 0.0000 0.0000 0.0000 0.0000 0.0000 0.0000 0.0000 0.0000 0.0000 0.0166
0.0004 0.0002 0.0002 0.0145 0.0009 0.0000 0.0017 0.0015 0.0002 0.0010 0.0200 0.0359 0.0001 0.0007 0.0018 0.0002 0.0000 0.0000 0.0001 0.0000 0.0043 0.0022 0.0102 0.0000 0.0008 0.0001 0.0010 0.0001 0.0001 0.0004 0.0000 0.0002 0.0000 0.0000 0.0000 0.0000 0.0003 0.0002 0.0020 0.0002 0.0004 0.0002 0.0000 0.0000 0.0001 0.0000 0.0001 0.0004 0.0019 0.0000 0.0006 0.0017 0.0000 0.0000 0.0000 0.0000 0.0000 0.0000 0.0000 0.0000 0.0000 0.0000 0.0002 0.0003 0.0521 0.1769 0.8117 0.4571 0.5494 0.0840 0.0208 0.0000 0.0000 0.0000 0.0000 0.0000 0.0000 0.0000 0.0000 0.0000
0.0038 0.0008 0.0030 0.1239 0.0162 0.0021 0.0109 0.0157 0.0010 0.0008 0.0099 0.0015 0.0001 0.0008 0.0039 0.0008 0.0000 0.0000 0.0000 0.0000 0.0002 0.0023 0.0017 0.0003 0.0013 0.0933 0.0005 0.0164 0.0007 0.0016 0.0002 0.0028 0.0000 0.0000 0.0002 0.0006 0.0008 0.0012 0.0080 0.0181 0.0016 0.0025 0.0000 0.0027 0.0051 0.0000 0.0002 0.0092 0.0020 0.0027 0.0003 0.0004 0.0005 0.0000 0.0000 0.0005 0.0000 0.0001 0.0000 0.0009 0.0001 0.0004 0.0507 0.5932 0.5985 0.9226 0.8059 0.3453 0.0020 0.0008 0.0000 0.0087 0.0000 0.0000 0.0000 0.0000 0.0000 0.0000 0.0000 0.0000
0.0007 0.0000 0.0001 0.0395 0.0002 0.0000 0.0054 0.0002 0.0001 0.0001 0.0014 0.0002 0.0000 0.0001 0.0002 0.0000 0.0000 0.0000 0.0000 0.0000 0.0000 0.0000 0.0001 0.0000 0.0001 0.0003 0.0005 0.0005 0.0003 0.0002 0.0001 0.0003 0.0000 0.0000 0.0001 0.0001 0.0000 0.0000 0.0003 0.0002 0.0002 0.0003 0.0001 0.0040 0.0001 0.0000 0.0001 0.0018 0.0002 0.0000 0.0000 0.0000 0.0000 0.0000 0.0000 0.0000 0.0000 0.0000 0.0000 0.0000 0.0000 0.0009 0.0902 0.0111 0.1448 0.0003 0.0059 0.0008 0.0000 0.0000 0.0000 0.0000 0.0003 0.0000 0.0000 0.0000 0.0000 0.0000 0.0000 0.0001
0.0003 0.0006 0.0144 0.0886 0.0021 0.0002 0.0136 0.0019 0.0004 0.0010 0.0006 0.0000 0.0001 0.0003 0.0001 0.0000 0.0000 0.0000 0.0000 0.0000 0.0000 0.0000 0.0000 0.0000 0.0000 0.0001 0.0002 0.0002 0.0004 0.0005 0.0002 0.0008 0.0003 0.0002 0.0000 0.0001 0.0000 0.0000 0.0002 0.0000 0.0010 0.0014 0.0002 0.0016 0.0002 0.0000 0.0011 0.0017 0.0001 0.0001 0.0003 0.0000 0.0000 0.0000 0.0000 0.0000 0.0000 0.0000 0.0001 0.0000 0.0000 0.0003 0.0119 0.0091 0.0851 0.0002 0.0074 0.0001 0.0000 0.0000 0.0001 0.0000 0.0001 0.0045 0.0000 0.0000 0.0000 0.0000 0.0000 0.0000
0.0006 0.0000 0.0002 0.0028 0.0001 0.0000 0.0001 0.0001 0.0000 0.0000 0.0001 0.0000 0.0000 0.0000 0.0000 0.0000 0.0000 0.0000 0.0000 0.0000 0.0000 0.0000 0.0000 0.0000 0.0000 0.0000 0.0043 0.0062 0.0004 0.0010 0.0005 0.0008 0.0000 0.0001 0.0000 0.0000 0.0000 0.0001 0.0003 0.0000 0.0002 0.0002 0.0000 0.0045 0.0001 0.0000 0.0000 0.0000 0.0000 0.0000 0.0000 0.0000 0.0000 0.0000 0.0000 0.0000 0.0000 0.0000 0.0001 0.0000 0.0001 0.0006 0.0101 0.0305 0.0493 0.0026 0.0063 0.0001 0.0000 0.0000 0.0000 0.0000 0.0001 0.0027 0.0166 0.0000 0.0000 0.0001 0.0000 0.0000
